0 0.00014643522892881096 0.006535752083383801 100 11.627906976744187
0 9.716967122656235e-05 0.008311025414779372 200 12.048192771084336
0 5.3538597871781876e-05 0.011209095753481689 300 10.273972602739725
0 0.00012145907045469731 0.007702310838636445 400 10.282776349614394
0 9.340184832667084e-05 0.011456890120656003 500 10.330578512396693
0 8.46533324671958e-05 0.0153167932432518 600 10.771992818671453
0 7.899159468037005e-05 0.01851796995396457 700 11.128775834658187
0 8.256075891897272e-05 0.017961086503648832 800 10.79622132253711
10 8.251317260116962e-05 0.008133060806079707 100 11.627906976744187
10 8.02201420210496e-05 0.010621352854003849 200 12.048192771084336
10 0.00012000204468061981 0.011793157287433317 300 9.771986970684038
10 0.00012660126392404706 0.0032712430805209923 400 10.335917312661499
10 9.804960429619168e-05 0.01009408558780646 500 10.309278350515465
10 9.188388101873484e-05 0.01609503921522986 600 10.79136690647482
10 8.699780604296017e-05 0.020886749697900796 700 11.146496815286623
10 9.543192663545424e-05 0.01876662463181846 800 10.79622132253711
20 7.740604717890822e-05 0.007034648796862484 100 11.764705882352942
20 7.581210625430619e-05 0.009276565056181546 200 11.904761904761905
20 0.0001313251694367988 0.009554600341846402 300 9.615384615384615
20 0.00011970403106362127 0.005022829662884335 400 10.362694300518134
20 9.724500151824525e-05 0.011561759870479344 500 10.330578512396693
20 8.774565455426612e-05 0.017002156919137756 600 10.830324909747292
20 8.426997091005604e-05 0.021406991715220723 700 11.164274322169058
20 9.209058569073789e-05 0.017353767612283105 800 10.81081081081081
30 8.179808520219807e-05 0.007303282756861877 100 11.764705882352942
30 7.947781659652395e-05 0.00990473477530676 200 11.494252873563218
30 0.00014817174455118893 0.008223463761490869 300 9.615384615384615
30 0.00011941755047895406 0.006160494642460832 400 10.416666666666664
30 9.780861043572827e-05 0.012626178156217334 500 10.373443983402488
30 8.90601416165921e-05 0.01802155266978127 600 10.849909584086799
30 8.553686310807508e-05 0.022328256914958784 700 11.164274322169058
30 9.244034489195383e-05 0.016144624188723037 800 10.825439783491204
40 8.988501797404457e-05 0.007219625040916844 100 11.904761904761905
40 8.349840266255478e-05 0.010118838227584779 200 11.049723756906076
40 0.00015393687529797068 0.0062025023056327564 300 9.615384615384615
40 0.00011740811155888905 0.007494665718470454 400 10.443864229765012
40 9.781859042789689e-05 0.013786321905480181 500 10.416666666666666
40 9.092816729632689e-05 0.01889838889003948 600 10.88929219600726
40 8.549497899807348e-05 0.02306452036908254 700 11.164274322169058
40 9.176891311679174e-05 0.014925486199545583 800 10.854816824966079
50 8.44289502682913e-05 0.007425676594338639 100 11.904761904761905
50 8.292984046893794e-05 0.010089635374492449 200 10.75268817204301
50 0.00014962134173006575 0.004480015456507043 300 9.646302250803858
50 0.0001158087672857468 0.008664853126149029 400 10.416666666666664
50 9.95620416179667e-05 0.0149519790723657 500 10.4384133611691
50 9.218460703044092e-05 0.0199464858542448 600 10.909090909090908
50 8.131049796229417e-05 0.023926928850955584 700 11.09350237717908
50 9.117196340661696e-05 0.013808777837082807 800 10.884353741496598
60 8.488154852610165e-05 0.007649824406793526 100 12.048192771084336
60 8.59960407870054e-05 0.010361381309698527 200 10.526315789473685
60 0.00015143748461846616 0.003526434405710286 300 9.70873786407767
60 0.00011523311764940965 0.009925287463385524 400 10.282776349614394
60 0.00010225564907501238 0.015980616384994623 500 10.482180293501047
60 9.444836127016239e-05 0.02087179765808665 600 10.94890510948905
60 8.50087679552216e-05 0.02402832517604 700 10.869565217391303
60 9.078645983954926e-05 0.012641372292347913 800 10.914051841746248
70 7.463335237059646e-05 0.0063976657209757586 100 12.048192771084336
70 7.568147745868039e-05 0.008821035628870908 200 10.309278350515463
70 0.0001505847279988392 0.003780992256402466 300 9.74025974025974
70 0.00011175530625014759 0.011380685506215378 400 10.126582278481013
70 0.00010468499829497421 0.017094310872571915 500 10.526315789473685
70 9.577775684694592e-05 0.021865448929661135 600 10.968921389396709
70 9.65307188137946e-05 0.024001302007564028 700 10.719754977029098
70 9.072968017467066e-05 0.011502550938131769 800 10.94391244870041
80 8.030265232399706e-05 0.006445113422244035 100 12.19512195121951
80 4.8914590656862036e-05 0.00839807569254714 200 9.9009900990099
80 0.0001525027532530947 0.005223804182413558 300 9.80392156862745
80 0.00011299078671430458 0.012587156455979227 400 10.025062656641603
80 0.00010273642734196531 0.018176099695149158 500 10.570824524312895
80 9.578875544010073e-05 0.022713077911040727 600 11.009174311926605
80 0.00010576643668952017 0.022883511810196225 700 10.6544901065449
80 9.011025040514747e-05 0.010396418327235545 800 10.973936899862824
90 7.610902623962908e-05 0.006844295963504182 100 12.19512195121951
90 0.00011978929733557335 0.007751561581247163 200 9.174311926605505
90 0.00015503403500450002 0.006616376063710418 300 9.868421052631579
90 0.00011735227441543812 0.013824789556844802 400 10.0
90 0.0001067323042541176 0.01947345165125935 500 10.59322033898305
90 9.899560371858176e-05 0.02396747355124632 600 11.02941176470588
90 0.00010572659571907044 0.02196848672539435 700 10.6544901065449
90 9.12618273057855e-05 0.009458012338759881 800 11.004126547455295
100 7.30444756548429e-05 0.006339607243402759 100 12.048192771084336
100 0.00017909309926321005 0.007295813909837221 200 8.810572687224669
100 0.0001551656196609379 0.008341237441770996 300 9.933774834437084
100 0.00011742878394301439 0.015239887741369479 400 10.0
100 0.00010600278394337474 0.020664141462120533 500 10.615711252653927
100 9.910059567115701e-05 0.02489077364316019 600 11.049723756906076
100 0.00010360454832707113 0.020619163913417442 700 10.6544901065449
100 9.043921734093922e-05 0.00825457376217499 800 11.019283746556473
110 8.373867182352837e-05 0.005803032237572649 100 11.363636363636363
110 0.00020288087137290068 0.0059153647846206135 200 8.73362445414847
110 0.00015303063320028018 0.010347966912343349 300 9.966777408637872
110 0.00011829050287651317 0.016616662759049435 400 10.025062656641603
110 0.00010610679683189015 0.021758205135804176 500 10.638297872340425
110 9.957296710807522e-05 0.025711028540851527 600 11.049723756906076
110 0.0001024237850534763 0.019126700854917137 700 10.670731707317072
110 8.978522368753626e-05 0.007038671099401673 800 11.03448275862069
120 8.566283229173439e-05 0.006630397745631219 100 10.416666666666664
120 0.0002082339330287809 0.004981900688575814 200 8.73362445414847
120 0.00015089191918813089 0.011973721718798519 300 10.0
120 0.000118296230384783 0.018037686774650584 400 10.050251256281406
120 0.00010671900079250181 0.022888886268091796 500 10.660980810234541
120 9.994482673204521e-05 0.026819060652909402 600 11.02941176470588
120 0.00010244454127561746 0.0178471541410748 700 10.703363914373087
120 8.965820982093538e-05 0.005895691168748537 800 11.049723756906076
130 8.840396447606905e-05 0.007031198846497991 100 9.80392156862745
130 0.00020957393958589136 0.004809949750438082 200 8.771929824561402
130 0.00015018600146584227 0.013512726800867177 300 9.966777408637872
130 0.00012227120631315037 0.019446810757717214 400 10.075566750629722
130 0.00010969685987836305 0.024119610163204595 500 10.683760683760683
130 9.869164984137771e-05 0.027963717861277885 600 10.968921389396709
130 0.00010248587474482762 0.016472849762516156 700 10.719754977029098
130 9.002455603070248e-05 0.00468178026648727 800 11.049723756906076
140 8.78930280491025e-05 0.006647224281143164 100 9.345794392523363
140 0.0002080364707692937 0.0063854365464367365 200 8.771929824561402
140 0.0001473155064771703 0.015064513644973661 300 9.80392156862745
140 0.00012403290122618596 0.02050752770080545 400 10.126582278481013
140 0.00011241951502574369 0.025122732830565316 500 10.70663811563169
140 9.068333938514203e-05 0.028031721553089972 600 10.73345259391771
140 0.00010099315711056097 0.01502447255396815 700 10.75268817204301
140 8.991789237364228e-05 0.003555447183667318 800 11.065006915629322
150 8.127783674958462e-05 0.0060563083292292244 100 8.928571428571427
150 0.00021325014515576326 0.0084412816513226 200 8.810572687224669
150 0.00014530257509030818 0.01652179537103162 300 9.584664536741213
150 0.0001287263527878803 0.021786175876339475 400 10.15228426395939
150 0.00011465556547542552 0.026242801990238568 500 10.729613733905579
150 0.0001072591566405602 0.028132842471114246 600 10.507880910683012
150 0.00010122042093096838 0.01355837767882541 700 10.76923076923077
150 9.03341200956824e-05 0.0025031728044399336 800 11.065006915629322
160 3.313723050007949e-05 0.004712231817173895 100 8.264462809917354
160 0.00021624786911119014 0.01090156430363241 200 8.849557522123893
160 0.0001464843178126796 0.01818566128581388 300 9.404388714733543
160 0.00012729698296980733 0.023371021273591353 400 10.178117048346055
160 0.00011519135990071191 0.027651244559340142 500 10.75268817204301
160 0.00012242475858721395 0.02723057502905135 600 10.416666666666666
160 0.00010103788708407134 0.012500747370394463 700 10.80246913580247
160 9.018298369309403e-05 0.0017924904703677047 800 11.065006915629322
170 0.00022614815985756327 0.007553137549428839 100 7.2992700729927
170 0.00021981871771130143 0.013171673915844631 200 8.928571428571427
170 0.00015124566833486983 0.019790655873357602 300 9.375
170 0.00013156847098279263 0.02495773710528 400 10.204081632653061
170 0.00011847791496769526 0.029114985582155056 500 10.775862068965516
170 0.0001216306641165073 0.025999506067430057 600 10.398613518197573
170 0.0001018164339725098 0.011286815273126789 700 10.819165378670787
170 9.087338232124601e-05 0.0015557932001289902 800 11.080332409972298
180 0.0003272167940679651 0.010479425050024766 100 6.896551724137931
180 0.00022293435655233924 0.014973595196204042 200 9.049773755656108
180 0.00015064642714811692 0.021186416230184354 300 9.404388714733543
180 0.00013062721950885908 0.026140293059870645 400 10.256410256410257
180 0.0001193403386094748 0.03002294514436843 500 10.822510822510822
180 0.00011917460385287476 0.02453912001489707 600 10.416666666666666
180 0.00010080919326462353 0.010030941871978652 700 10.852713178294573
180 9.03971328435533e-05 0.0018608197189999775 800 11.080332409972298
190 0.00037004662871051113 0.010104324009165137 100 6.896551724137931
190 0.0002232603282236456 0.01698970462206221 200 9.174311926605505
190 0.00015558315260893245 0.023038344694631264 300 9.493670886075948
190 0.0001326200397971739 0.027863737638760308 400 10.362694300518134
190 0.00012170988760847268 0.031764806091498246 500 10.893246187363832
190 0.0001206540717919817 0.024113511254174297 600 10.471204188481675
190 0.00010281061212488588 0.009611022971657944 700 10.920436817472698
190 9.101108130342711e-05 0.002389244455949924 800 11.095700416088764
200 0.00038180946556413584 0.010256311226188026 100 7.092198581560283
200 0.00022127829847923885 0.018467131769743655 200 9.389671361502348
200 0.0001597773075286658 0.024091692764837955 300 9.646302250803858
200 0.0001341535176480172 0.028811774016388028 400 10.471204188481675
200 0.00012182058836335613 0.03249722302060859 500 10.989010989010989
200 0.00012049220026373784 0.023168502759829738 600 10.56338028169014
200 0.0001023502472074303 0.008767470401333691 700 10.989010989010989
200 8.978258256476641e-05 0.0030117116164137285 800 11.142061281337048
210 0.0003931855849039569 0.011215558262616552 100 7.2992700729927
210 0.00021947705490678608 0.019874149287318222 200 9.615384615384615
210 0.00015713784142076765 0.025206815047425175 300 9.80392156862745
210 0.00013450465543982858 0.029675755492778847 400 10.610079575596815
210 0.00012293869165774446 0.03331304227675493 500 11.086474501108647
210 0.00012057715686352265 0.0224590092815184 600 10.676156583629894
210 0.00010203205789010096 0.008145288425506231 700 11.075949367088606
210 9.101257660120579e-05 0.0036070559829314897 800 11.204481792717086
220 0.0004013660852588597 0.012128406823888263 100 7.575757575757575
220 0.0002203135445844887 0.021411210202697307 200 9.80392156862745
220 0.0001603250082057776 0.02644618905111485 300 9.966777408637872
220 0.00013707703918523786 0.030691902557961757 400 10.75268817204301
220 0.00012359782833418505 0.03429511523394947 500 11.160714285714285
220 0.00012054631660487362 0.021659984150000904 600 10.771992818671453
220 0.00010203146499232596 0.0075696321601808805 700 11.164274322169058
220 9.194405744687464e-05 0.004194568771917079 800 11.267605633802816
230 0.0003976663295669927 0.01387863035221709 100 7.8125
230 0.00021994115247273938 0.022614233916881787 200 10.0
230 0.0001645349645462224 0.027564488819763238 300 10.135135135135135
230 0.00014130061023138297 0.031767344112392036 400 10.899182561307901
230 0.00012400201754630543 0.03541549046170476 500 11.210762331838565
230 0.00012070055016919279 0.020969048519017274 600 10.869565217391305
230 0.00010238951932054625 0.007045963184519648 700 11.235955056179774
230 9.164531494829689e-05 0.005134286745034977 800 11.315417256011315
240 0.00039368022010446253 0.016369225688911943 100 8.064516129032258
240 0.0002188328246533136 0.02395554327227153 200 10.050251256281406
240 0.00016400755224893468 0.028377871865575166 300 10.273972602739725
240 0.00014124024797368504 0.03227953186277151 400 11.019283746556473
240 0.00010980131811677443 0.035409725482213786 500 11.135857461024498
240 0.00011864500070441611 0.01943677555728906 600 10.94890510948905
240 0.0001019960241838437 0.006052807624464654 700 11.308562197092083
240 9.139955533961908e-05 0.005960056712349562 800 11.363636363636363
250 0.0004183075259161197 0.018808323779063475 100 8.333333333333334
250 0.00022711784381951368 0.02571275628887088 200 10.0
250 0.00017300442285547965 0.030159530505667186 300 10.416666666666666
250 0.00014582046189460455 0.03396821842698087 400 11.142061281337048
250 0.00011620220499941014 0.036287155891306516 500 10.964912280701753
250 0.00011928972378238201 0.018801195484017888 600 11.02941176470588
250 0.00010303897052447597 0.0056076897539605935 700 11.363636363636363
250 9.208663174775278e-05 0.00658718972274834 800 11.428571428571429
260 0.00042391954741602004 0.02118382279075969 100 8.620689655172413
260 0.0002237149413833222 0.027335568867320328 200 9.852216748768473
260 0.00017665499399100685 0.03130820121377525 300 10.56338028169014
260 0.00014865276960121494 0.03494055717504904 400 11.267605633802816
260 0.00013164888307567806 0.036225731617478905 500 10.845986984815617
260 0.00011990388403178843 0.017815709997525735 600 11.131725417439702
260 0.00010411004031878683 0.004898028372518176 700 11.437908496732026
260 9.269253386903444e-05 0.007295041983656846 800 11.494252873563218
270 0.0004324442200292525 0.02434110599301192 100 8.928571428571427
270 0.00022544450263506212 0.029118817904329127 200 9.9009900990099
270 0.00017721496705190514 0.033007575737797376 300 10.75268817204301
270 0.00015010387662597698 0.03660356798669694 400 11.396011396011396
270 0.00014691606698466022 0.036224673589870526 500 10.869565217391305
270 0.00012093633567644311 0.017284333226079907 600 11.235955056179774
270 0.00010454600839923421 0.004490349486803487 700 11.51315789473684
270 9.43357670821303e-05 0.007880676244857436 800 11.577424023154846
280 0.00045079284390112855 0.02662635553172613 100 9.433962264150942
280 0.0002310175360672774 0.03085847551863202 200 10.050251256281406
280 0.000178140945755109 0.03431502858975192 300 10.989010989010989
280 0.00015064562070620158 0.03757185999233942 400 11.594202898550725
280 0.00015161329684389887 0.035427918916273955 500 10.964912280701753
280 0.00012139865891747072 0.01629181187295535 600 11.342155009451794
280 0.00010585147484436764 0.0032147398289827807 700 11.608623548922056
280 9.633118900172837e-05 0.008103180119225041 800 11.678832116788321
290 0.0004218714489318881 0.0257493519633338 100 10.1010101010101
290 0.00021114696536643696 0.0290701525865609 200 10.309278350515463
290 0.0001620891560384483 0.03208504896692316 300 11.235955056179774
290 0.00013785055558863536 0.0345129165862974 400 11.834319526627217
290 0.00014269292397640104 0.031141458129328017 500 11.086474501108647
290 0.00011571486497848135 0.013535783947378475 600 11.494252873563218
290 0.00010145104553363768 0.001152525133432215 700 11.725293132328307
290 9.391506699766565e-05 0.009156757087590419 800 11.7820324005891
300 0.00032819918159395953 0.021740386015790324 100 10.869565217391303
300 0.00016088046995880442 0.023633409968467523 200 10.638297872340425
300 0.00012790674585208038 0.02572952070467683 300 11.538461538461538
300 0.00011076332870515512 0.02777033088775389 400 12.048192771084336
300 0.0001265989976808699 0.0238218374878551 500 11.235955056179776
300 0.00010369207399726872 0.009047374637726468 600 11.650485436893204
300 9.172961009980016e-05 0.003010294116434028 700 11.864406779661017
300 8.674808659689574e-05 0.010913753515422531 800 11.904761904761905
310 0.00021162811033561063 0.01661176553249493 100 11.764705882352942
310 9.635950978646253e-05 0.017040425594320677 200 10.989010989010989
310 9.043515939240684e-05 0.018492310066946203 300 11.857707509881422
310 8.32167895970521e-05 0.020233665439397277 400 12.307692307692308
310 0.00011382801819142446 0.016413383938912708 500 11.389521640091115
310 9.292095891317075e-05 0.004571758715089678 600 11.811023622047243
310 8.445303512625657e-05 0.005552177869772755 700 11.986301369863012
310 7.973132465597405e-05 0.012446638808369452 800 12.030075187969924
320 0.00014096065366082775 0.012746792317887683 100 12.5
320 7.530422575378723e-05 0.012766307235526414 200 11.299435028248588
320 7.741097444877527e-05 0.014708931581005178 300 12.096774193548386
320 7.701179038812692e-05 0.016875500485116282 400 12.5
320 0.00011072225808203909 0.01267838728255771 500 11.520737327188938
320 9.046278647682266e-05 0.0014496291079453675 600 11.928429423459244
320 8.082642000404527e-05 0.0069278754367493416 700 12.068965517241379
320 7.711857637278743e-05 0.013382068638700588 800 12.121212121212121
330 0.00012165997207323104 0.01198856837846583 100 13.157894736842104
330 8.09274515274975e-05 0.012933734721539835 200 11.494252873563218
330 8.514514010054188e-05 0.015689692529427764 300 12.295081967213113
330 8.419105649931504e-05 0.01852681574575689 400 12.618296529968454
330 0.00011363603334886159 0.012824849350272357 500 11.627906976744185
330 9.389268064604905e-05 0.002281001817200872 600 12.024048096192383
330 8.338594060331684e-05 0.0076090717122678725 700 12.110726643598616
330 7.747197370469011e-05 0.013892392030326807 800 12.19512195121951
340 8.733881125597899e-05 0.009271167362395161 100 13.6986301369863
340 8.109499191611255e-05 0.01041303103030261 200 11.695906432748536
340 8.063461946232963e-05 0.013616049611858869 300 12.396694214876032
340 8.165333336461894e-05 0.016775499888710944 400 12.658227848101266
340 0.00010896666874916566 0.009858243357609686 500 11.682242990654204
340 8.910233221451846e-05 0.003956479706020168 600 12.072434607645874
340 7.713880112984998e-05 0.009514108155586298 700 12.110726643598616
340 7.249564495763906e-05 0.015056179085612919 800 12.232415902140671
350 9.098191308000516e-05 0.006798070275697537 100 13.6986301369863
350 8.245303402297147e-05 0.009102719663291535 200 11.764705882352942
350 7.879020391875234e-05 0.012474227578035024 300 12.448132780082986
350 7.867082610254709e-05 0.01583353858449958 400 12.618296529968454
350 0.0001038174960201914 0.007751540116711209 500 11.709601873536299
350 8.449435075801545e-05 0.006083833776671741 600 12.072434607645874
350 7.506403893144192e-05 0.011418551623034139 700 12.068965517241379
350 6.899309900666423e-05 0.01629790955392403 800 12.232415902140671
360 7.361300592055654e-05 0.0062494882892625316 100 13.333333333333334
360 7.665309664151421e-05 0.008312500903989207 200 11.834319526627217
360 7.881987925485087e-05 0.011643889632669678 300 12.448132780082986
360 6.62968710923317e-05 0.014766516356850244 400 12.383900928792569
360 9.69006339236782e-05 0.0056444571365919845 500 11.764705882352942
360 8.272099921553012e-05 0.006976643024289007 600 12.072434607645874
360 7.335696615103206e-05 0.012606599506568951 700 12.048192771084336
360 6.665959174520828e-05 0.017287179413225863 800 12.213740458015268
370 8.216753995624259e-05 0.005135326960500781 100 12.048192771084336
370 7.561988794866456e-05 0.00765629515052725 200 11.834319526627217
370 7.613184784020343e-05 0.01083861309173876 300 12.5
370 7.83342780457492e-05 0.01291878089973336 400 11.799410029498526
370 9.911084092268244e-05 0.004386377104274016 500 11.764705882352942
370 8.316379377908698e-05 0.008311682622456183 600 12.072434607645874
370 7.410358726502312e-05 0.013656669129649765 700 12.048192771084336
370 6.713188855619258e-05 0.018332501763318944 800 12.066365007541478
380 7.629021474885406e-05 0.004981098729827096 100 10.869565217391303
380 7.718563197659246e-05 0.008119019667434673 200 11.834319526627217
380 8.030608743758491e-05 0.011460808011175307 300 12.448132780082986
380 0.00012349800791962905 0.012018284277564574 400 11.428571428571429
380 9.768078295505929e-05 0.004439081399258943 500 11.792452830188678
380 8.351751211025407e-05 0.009509501728656493 600 12.048192771084336
380 7.518353907313243e-05 0.014717998093455838 700 12.048192771084336
380 6.888408335923767e-05 0.01921884249216441 800 11.922503725782413
390 7.476184939638351e-05 0.004045720124921156 100 10.309278350515463
390 7.036994434441778e-05 0.007396077323439717 200 11.834319526627217
390 7.576230918727917e-05 0.010595483838567975 300 12.448132780082986
390 0.00012293995292130246 0.008970426621113956 400 11.299435028248588
390 9.384756291014142e-05 0.005213441258464143 500 11.792452830188678
390 8.099554641680292e-05 0.010975486812848054 600 12.0
390 7.467221022011652e-05 0.01591659084377969 700 12.048192771084336
390 6.866472846534609e-05 0.020070376302910652 800 11.816838995568684
400 8.483654487402243e-05 0.004823754713849431 100 10.1010101010101
400 7.8287780255104e-05 0.008284735857409414 200 11.764705882352942
400 8.073496829508172e-05 0.01140587113909135 300 12.396694214876032
400 0.00012076490160923639 0.007562555489796132 400 11.235955056179774
400 9.429179543912504e-05 0.006306301348060797 500 11.764705882352942
400 8.351591829810763e-05 0.0120947315106614 600 11.952191235059761
400 7.628254286849222e-05 0.017022577131877735 700 12.027491408934708
400 6.81662196123738e-05 0.020954742661135724 800 11.71303074670571
410 7.439289716825486e-05 0.004836452177264574 100 10.0
410 7.336810087228128e-05 0.008161394668655295 200 11.764705882352942
410 7.847813259746021e-05 0.011241810299966975 300 12.295081967213113
410 0.00011904860729437144 0.005536248058017647 400 11.235955056179774
410 9.482685733526976e-05 0.007213665746949164 500 11.764705882352942
410 8.169789197475796e-05 0.013234536770550106 600 11.857707509881422
410 7.596196070472794e-05 0.018034462499123674 700 12.027491408934708
410 7.064683224162571e-05 0.02198005184154276 800 11.577424023154846
420 8.451081355409806e-05 0.0054900426096823165 100 10.1010101010101
420 7.66638483232809e-05 0.008542997152866619 200 11.764705882352942
420 8.066012925304108e-05 0.011622672477581529 300 12.244897959183673
420 0.00011831514710776084 0.004331015863828233 400 11.267605633802816
420 9.445449556015393e-05 0.008426771965598353 500 11.764705882352942
420 8.221410649653885e-05 0.014370866088187337 600 11.811023622047243
420 7.609072177323163e-05 0.019074630928751807 700 12.027491408934708
430 9.208915598137165e-05 0.005744147941498421 100 10.309278350515463
430 7.667139715319734e-05 0.008603731185412368 200 11.904761904761905
430 7.058095785778536e-05 0.011631305880649031 300 12.096774193548386
430 0.00011799609996432307 0.0031495747106837267 400 11.331444759206798
430 9.592845789003678e-05 0.009367284331822106 500 11.792452830188678
430 8.439628150742574e-05 0.015422094433832776 600 11.811023622047243
430 7.614027976188197e-05 0.020077706087051738 700 12.027491408934708
440 9.556437530180765e-05 0.006602413348601854 100 10.75268817204301
440 8.327706988815475e-05 0.009345437785046172 200 12.19512195121951
440 4.6504317886204455e-05 0.011403534623962357 300 11.904761904761903
440 0.00011858617177915091 0.0026346148393661083 400 11.461318051575931
440 9.975427917448962e-05 0.0100252310722415 500 11.876484560570072
440 8.759214669785232e-05 0.016053416696803827 600 11.881188118811881
440 7.702191953092885e-05 0.020919929382637828 700 12.027491408934708
450 9.482701193093686e-05 0.007145815158815413 100 11.363636363636363
450 8.314113011853503e-05 0.00971646854072977 200 12.5
450 9.933579064358355e-05 0.01071654559237358 300 11.627906976744185
450 0.00012036349263816179 0.0026166870932653272 400 11.627906976744187
450 9.942324170367314e-05 0.010560109835238854 500 12.019230769230768
450 8.810592051660524e-05 0.01663735551330923 600 11.976047904191617
450 7.972865337075503e-05 0.021503085721975904 700 12.048192771084336
460 8.473368737663928e-05 0.007669195325076757 100 12.048192771084336
460 8.074994873892272e-05 0.009735690596435299 200 12.903225806451612
460 0.000132708945740763 0.010237062155009208 300 11.583011583011581
460 0.0001188920931990842 0.003069213628769466 400 11.799410029498526
460 0.00010017907026134018 0.01129708740004163 500 12.135922330097086
460 8.965779278321867e-05 0.01721987930289904 600 12.096774193548386
460 8.128158626510498e-05 0.02210247402487507 700 12.048192771084336
470 0.00010051023619501256 0.007507714998240127 100 12.82051282051282
470 8.825489746500495e-05 0.010277223145181839 200 13.333333333333334
470 0.0001556289724946875 0.0105866781221315 300 11.583011583011581
470 0.00011804280987183181 0.004253869568377893 400 11.976047904191617
470 9.862920290038861e-05 0.012140309203900124 500 12.254901960784313
470 8.789531758275818e-05 0.017848642710021415 600 12.219959266802444
470 8.068229019441442e-05 0.02251879942202794 700 12.068965517241379
480 9.6719938389499e-05 0.008059674144540849 100 13.333333333333334
480 8.735885836940077e-05 0.009927756679663429 200 13.605442176870747
480 0.00015977296017021124 0.008316375001323836 300 11.583011583011581
480 0.00011573523454691504 0.0052813266687411695 400 12.121212121212121
480 9.733622816760077e-05 0.012890732251765099 500 12.345679012345679
480 8.78142473359782e-05 0.018445033961832284 600 12.320328542094455
480 8.067826412562095e-05 0.023003763644605706 700 12.048192771084336
490 0.00010111332896769337 0.007613088968107097 100 13.6986301369863
490 8.630253869445311e-05 0.009893694224226401 200 13.793103448275861
490 0.00015509977369303798 0.006450807768148086 300 11.627906976744185
490 0.00011103935204557905 0.006901569456085554 400 12.19512195121951
490 9.6564676808417e-05 0.013996138193139796 500 12.376237623762375
490 8.755144183945485e-05 0.019325780858925175 600 12.371134020618557
490 7.882610715505723e-05 0.023587529207587454 700 12.006861063464836
500 9.47652574888536e-05 0.007133879724044251 100 13.88888888888889
500 8.637360566505791e-05 0.009251536144856852 200 13.793103448275861
500 0.00014275066061367845 0.004375216111712253 300 11.627906976744185
500 0.00010722935125393033 0.008686229059875691 400 12.232415902140671
500 9.075898090608791e-05 0.015296962341546913 500 12.345679012345679
500 8.448254564841582e-05 0.02026191894425576 600 12.396694214876032
500 7.584230416108493e-05 0.024240551229452706 700 11.925042589437819
510 7.936813607349484e-05 0.005935336167432541 100 13.88888888888889
510 8.230457309712468e-05 0.00806414992464146 200 13.6986301369863
510 0.0001458856113160087 0.002920460130873478 300 11.627906976744185
510 0.00011064160698487408 0.01055624832505515 400 12.232415902140671
510 9.159396795218175e-05 0.016516531002408952 500 12.254901960784313
510 8.566201555938895e-05 0.02114052121654724 600 12.396694214876032
520 7.315931701077058e-05 0.004853578126332716 100 13.88888888888889
520 8.095046403054923e-05 0.006999291477730985 200 13.422818791946309
520 0.00013604381716520554 0.00423922726404821 300 11.627906976744185
520 0.00010573105064759494 0.012369017781577863 400 12.19512195121951
520 9.110560159504394e-05 0.01790216168529205 500 12.165450121654501
520 8.324397943758446e-05 0.02214929562561172 600 12.371134020618557
530 9.011801468281145e-05 0.005139247863435143 100 13.6986301369863
530 4.0905070200522474e-05 0.006868705310413361 200 12.658227848101266
530 0.00013445570216118094 0.006284042433624452 300 11.627906976744185
530 0.00010754851629848532 0.013900861101505856 400 12.158054711246201
530 9.389677588690629e-05 0.01911056895102796 500 12.106537530266342
530 8.147203934164979e-05 0.023215092795542538 600 12.269938650306747
540 7.757937383073085e-05 0.004347465194718311 100 13.6986301369863
540 0.0001567955299660858 0.005643437487717133 200 11.363636363636363
540 0.00013669653292809047 0.008301199983654582 300 11.673151750972762
540 0.0001104803619277015 0.015344131888878544 400 12.121212121212121
540 9.402117391245938e-05 0.020034645274573833 500 12.077294685990337
540 8.603618563853926e-05 0.024079303207373535 600 12.048192771084336
550 8.406641648493132e-05 0.004505258710208961 100 13.6986301369863
550 0.00021251913705444347 0.005883079140090667 200 10.869565217391303
550 0.00013556378819717021 0.010167434690555074 300 11.673151750972762
550 0.00010960618561933988 0.016649434856654745 400 12.084592145015105
550 9.742975141516776e-05 0.021185501079067227 500 12.077294685990337
550 8.852934904674086e-05 0.024959514560368972 600 11.881188118811881
560 8.227128343690044e-05 0.004187114488571128 100 13.6986301369863
560 0.0002066433924376071 0.0048700973057583564 200 10.695187165775401
560 0.0001347139583078069 0.012064814733354098 300 11.673151750972762
560 0.00010972199074004216 0.01788204673342807 400 12.048192771084336
560 9.814684526217786e-05 0.02221430149981504 500 12.106537530266342
560 8.949121979385967e-05 0.025979787899036242 600 11.741682974559687
570 8.224720374565887e-05 0.003904553346345979 100 13.513513513513512
570 0.00019820736035226427 0.0057279768656527605 200 10.638297872340425
570 0.00013565022320101858 0.013730135510475855 300 11.71875
570 0.0001099474830346983 0.01922452327496318 400 11.976047904191617
570 9.854030351777508e-05 0.023307763217678926 500 12.106537530266342
570 8.747984929169256e-05 0.026831644597317208 600 11.627906976744185
580 9.266751260986649e-05 0.004138846017530177 100 13.333333333333334
580 0.00020046267270997366 0.007325110087738891 200 10.638297872340425
580 0.00013812985872365123 0.015608092633092733 300 11.673151750972762
580 0.00010849619162489844 0.020564567684572287 400 11.869436201780415
580 9.960436009141441e-05 0.024511755606315057 500 12.106537530266342
590 7.890655852071293e-05 0.003636223138363046 100 12.987012987012987
590 0.00019695030728421808 0.009435442294804754 200 10.695187165775401
590 0.00013691722727054954 0.01709687896223765 300 11.673151750972762
590 0.0001122955807186773 0.021788953701597585 400 11.764705882352942
590 9.946633818649739e-05 0.02546155733705664 500 12.077294685990337
600 2.6411062707276243e-05 0.0016768021323030934 100 11.764705882352942
600 0.00019570850471219882 0.011766056492772663 200 10.75268817204301
600 0.00014067886876319 0.018740293407793058 300 11.627906976744185
600 0.000117038375892648 0.023084168189340927 400 11.695906432748536
600 9.924548505663085e-05 0.02664779653915395 500 11.990407673860911
610 0.00027634191190208953 0.007993922383792734 100 9.80392156862745
610 0.00019411340082666447 0.01427882304438171 200 10.75268817204301
610 0.00014206366770225882 0.020136758146236416 300 11.627906976744185
610 0.00011548555235231482 0.023949478342767363 400 11.695906432748536
610 0.00010223723299050625 0.027696889923333426 500 11.764705882352942
620 0.0003801191870477913 0.012146558120621195 100 8.928571428571427
620 0.00019699497686446142 0.016265183222175888 200 10.81081081081081
620 0.00014317153854599015 0.02163581085800609 300 11.583011583011581
620 0.00012009822288342075 0.02531648726973019 400 11.695906432748536
620 0.00010726219249546667 0.028963928838042843 500 11.547344110854503
630 0.00038754690549256033 0.013047873655026519 100 8.695652173913043
630 0.00019754222223749215 0.018384311098399598 200 10.81081081081081
630 0.00014347035704882465 0.022766472670379755 300 11.538461538461538
630 0.00012272926849209414 0.026317223723797776 400 11.695906432748536
630 0.00010909476808634832 0.029655067170862092 500 11.41552511415525
640 0.00037876904827761063 0.014821723741910639 100 8.695652173913043
640 0.0001974866067277273 0.02025785135503668 200 10.869565217391303
640 0.0001489935607928086 0.024238180899556098 300 11.494252873563218
640 0.00012403561428072377 0.02758313457897109 400 11.730205278592376
640 0.00010841436124700962 0.0308712547690369 500 11.312217194570135
650 0.0003723201656146591 0.016927167256757785 100 8.771929824561402
650 0.00020321361442359265 0.021784372947641274 200 10.92896174863388
650 0.00014690938433037978 0.025221979842881086 300 11.406844106463877
650 0.00012513585726652558 0.028402259892306266 400 11.764705882352942
650 0.0001099232886775124 0.031605654800430344 500 11.185682326621924
660 0.00037608594179605804 0.019529031179312376 100 8.849557522123893
660 0.00020529078963672177 0.023670813252381486 200 10.989010989010989
660 0.00014682739841414554 0.02672368887547528 300 11.363636363636363
660 0.00012664365415654337 0.029861756612637413 400 11.799410029498526
670 0.0003810352541374939 0.022165521306102002 100 9.090909090909092
670 0.0002044977440921141 0.025434459900001413 200 11.11111111111111
670 0.00015355179806535806 0.028363997652471776 300 11.363636363636363
670 0.0001262591966454128 0.03111674746890182 400 11.869436201780415
680 0.00039207928124966097 0.02487427485828034 100 9.523809523809524
680 0.00021669665228466161 0.029017126615303833 200 11.363636363636363
680 0.0001583473349605834 0.03183755161223959 300 11.538461538461538
680 0.0001302949146509762 0.03466738444876783 400 11.940298507462687
690 0.00038053730974441736 0.025149791874537256 100 10.1010101010101
690 0.00020764524698880417 0.02864454651303637 200 11.764705882352942
690 0.00015100385754007132 0.03093348172182452 300 11.764705882352942
690 0.00011891545404944742 0.03317273400016967 400 12.084592145015105
700 0.00028264127941595357 0.020244847768322027 100 10.869565217391303
700 0.00015216239572611064 0.02264231474120674 200 12.19512195121951
700 0.00011073892604877255 0.02392395574551381 300 12.096774193548386
700 9.15635639336349e-05 0.025575484641274807 400 12.232415902140671
710 0.0001512275481942945 0.015680882885189432 100 11.627906976744187
710 8.438771212395605e-05 0.01621031625215126 200 12.658227848101266
710 6.676758503305945e-05 0.016808223466591034 300 12.396694214876032
710 6.441987445074168e-05 0.018062053968727364 400 12.345679012345679
720 7.36057566037015e-05 0.010564650784914066 100 12.5
720 6.350242680959002e-05 0.011755637442318419 200 13.071895424836601
720 6.257761535526592e-05 0.013232885728642426 300 12.658227848101264
720 6.975617118934628e-05 0.015731624109088172 400 12.422360248447204
730 5.721325094507834e-05 0.00561711453334932 100 13.333333333333334
730 5.8835952967538094e-05 0.007528254133647888 200 13.422818791946309
730 6.313716501975046e-05 0.009953684269469304 300 12.93103448275862
730 7.167502521862726e-05 0.013546311475810731 400 12.383900928792569
740 7.475691074337477e-05 0.005080065930984381 100 13.88888888888889
740 6.0484637008561085e-05 0.0071265297550759344 200 13.605442176870747
740 6.617300634534277e-05 0.010056572333933388 300 13.100436681222707
740 7.445638075569318e-05 0.013839969185189045 400 12.345679012345679
750 6.615818866337289e-05 0.006071468559485713 100 14.08450704225352
750 5.2510691710620474e-05 0.0070073474984938995 200 13.605442176870747
750 6.329478253933159e-05 0.00967789588830767 300 13.215859030837002
750 7.029600061515649e-05 0.013337742741414742 400 12.232415902140671
760 5.989178377104494e-05 0.0068927480026584696 100 14.285714285714286
760 5.598873964474396e-05 0.007853134930974474 200 13.422818791946309
760 6.590465324157593e-05 0.01033406353236136 300 13.215859030837002
760 7.123148233036443e-05 0.01387196669075433 400 12.048192771084336
770 6.867413404022056e-05 0.007293288288774941 100 14.08450704225352
770 5.593054913193491e-05 0.00798108549766886 200 13.071895424836601
770 6.875743844443036e-05 0.010650465177849455 300 13.157894736842104
780 6.494976298509484e-05 0.0075652809282919595 100 13.88888888888889
780 6.653901232556106e-05 0.008742873419673091 200 12.82051282051282
780 6.6791943841727e-05 0.01136002966542425 300 13.043478260869565
790 7.547261598074341e-05 0.00803721705349165 100 13.6986301369863
790 7.071056839679548e-05 0.009482814591769357 200 12.658227848101266
790 7.369554332066898e-05 0.012792879738434024 300 12.711864406779661
800 6.803468658288773e-05 0.007259389834460707 100 13.333333333333334
800 6.603691388401268e-05 0.008706310299111031 200 12.658227848101266
800 7.479042953923237e-05 0.011985814550379151 300 12.195121951219512
810 5.119669084764972e-05 0.0067134988687232115 100 13.157894736842104
810 6.867271576287244e-05 0.008916608499556977 200 12.658227848101266
810 7.94189601983324e-05 0.012344839908944057 300 11.857707509881422
820 5.017209919402083e-05 0.00688898152629679 100 12.82051282051282
820 6.420400487462165e-05 0.008746919553890745 200 12.658227848101266
820 7.343131777297801e-05 0.01193045374182378 300 11.627906976744185
830 4.672518814811404e-05 0.006840450343164039 100 12.345679012345679
830 7.011495277928445e-05 0.008742441751406087 200 12.658227848101266
830 7.327381411499685e-05 0.011994624177471581 300 11.363636363636363
840 4.4462688680804335e-05 0.006986004457727893 100 12.048192771084336
840 7.053975936670936e-05 0.008980011879519858 200 12.658227848101266
850 6.266425960951396e-05 0.007868787138678722 100 11.764705882352942
850 6.559249680116752e-05 0.0094511048299064 200 12.578616352201257
860 6.489756953657232e-05 0.006882253553771314 100 11.627906976744187
860 7.759114635623998e-05 0.009630505035179015 200 12.269938650306749
870 7.436159728040683e-05 0.006226003115253954 100 11.764705882352942
870 8.392867938436592e-05 0.009572780423643708 200 11.764705882352942
880 7.415161247118658e-05 0.0072669081801113354 100 11.904761904761905
880 9.463475124092407e-05 0.010399192868410732 200 11.363636363636363
890 8.672293542933545e-05 0.00797958582434518 100 12.048192771084336
890 9.65358659341692e-05 0.01149336534578887 200 11.11111111111111
900 8.321282688669493e-05 0.007465776052965968 100 12.345679012345679
900 8.530248730921526e-05 0.010445353203311579 200 10.989010989010989
910 0.0001004936036718652 0.00872599287164544 100 12.658227848101266
910 8.848417127409964e-05 0.011869279072017522 200 10.81081081081081
920 0.00010109595315987403 0.009503485089718867 100 12.987012987012987
930 6.916884952253515e-05 0.007151634428049502 100 13.333333333333334
940 5.642844912900184e-05 0.00728603942026053 100 13.157894736842104
950 9.870617031105752e-05 0.008843796038121967 100 12.048192771084336
960 0.00011479868798881477 0.007913139469862435 100 10.989010989010989
970 0.00011021607529032645 0.0076779014859582355 100 10.204081632653061
980 9.074741324329277e-05 0.00675099647786088 100 9.70873786407767
990 8.274341555954845e-05 0.006724335116634116 100 9.090909090909092
