37.8035 29.3189 37.3698 104.4516 
21.6829 85.0755 165.8412 272.5181 
21.1298 100.4406 185.9309 307.4322 
25.7213 98.5631 149.9651 274.1500 
25.4853 80.3623 140.9252 246.7507 
25.9110 97.7756 166.2560 289.8873 
22.7083 84.9634 129.8808 237.3855 
23.6672 78.3326 147.0994 249.0015 
23.1689 93.1472 161.5080 277.6946 
34.2029 120.5823 172.8063 327.5516 
20.8466 99.8586 151.4556 272.1208 
29.2469 93.5456 157.4995 280.2474 
22.4976 88.8704 142.2569 253.5679 
23.2660 113.0346 191.0268 327.2951 
23.3140 91.2220 195.2338 309.6821 
24.4676 76.3705 136.9195 237.6730 
34.9550 97.9964 154.6164 287.5151 
22.0697 107.4846 195.0924 324.4580 
23.0818 85.3651 144.8104 253.2253 
26.8333 87.7270 204.6849 319.1605 
23.4751 91.9711 170.9387 286.2784 
27.3270 93.8136 175.4290 296.5205 
22.1330 83.9509 145.1864 251.2329 
22.2056 76.7839 158.8023 257.7555 
24.5241 90.7444 154.3290 269.2412 
21.4461 88.4512 148.0112 257.8755 
24.4723 81.8991 147.3354 253.5518 
21.0290 83.0468 130.7649 234.8050 
22.7148 76.2467 132.5891 231.5126 
20.6264 78.3148 149.7605 248.6840 
22.9204 80.1282 150.6415 253.5712 
19.5956 79.6952 133.8041 233.0606 
20.9998 79.1229 149.6543 249.7105 
19.4397 73.8434 141.1331 234.3936 
20.2502 76.3314 147.8239 244.3619 
21.0936 77.3319 139.8695 238.2427 
22.5506 73.9020 160.0560 256.4017 
23.3165 106.3605 129.9398 259.5803 
23.0486 90.9176 167.4732 281.3520 
20.4767 75.4952 150.7932 246.6472 
21.5938 85.6706 144.0879 251.3298 
21.9427 83.1170 143.0715 248.0743 
24.5326 84.5275 138.9232 247.9303 
25.2462 110.9423 176.2003 312.3276 
24.3190 85.5540 155.8327 265.6209 
23.6141 76.6591 144.4960 244.7344 
25.4662 73.1649 169.3318 267.9284 
20.8395 80.2573 150.5144 251.5925 
21.4850 82.6853 160.5158 264.5300 
23.0456 81.6234 139.2876 243.8730 
21.3302 79.1178 139.0809 239.5069 
21.8430 76.9411 147.7850 246.5322 
21.5102 78.8916 161.7795 262.1394 
23.2193 85.7802 142.1556 251.0844 
24.4537 111.3303 160.2722 295.8982 
22.5277 88.2138 133.1260 243.4919 
23.0258 90.5261 137.3287 250.8199 
26.2675 80.8706 136.5331 243.6143 
19.8368 75.9496 140.1114 235.8393 
30.7115 107.6338 157.5026 295.8091 
20.6119 72.3425 138.7194 231.5965 
20.2506 99.0726 135.4650 254.7076 
22.5089 77.9392 145.6163 245.9986 
22.7073 79.2862 166.1914 268.0830 
22.0313 83.2287 143.1327 248.3077 
29.4586 77.9988 167.6785 274.8596 
20.2887 82.2063 140.5307 243.0042 
22.9217 79.3753 154.6523 256.8946 
21.6595 81.9071 158.5258 261.9940 
17.6710 83.6863 150.2255 251.4970 
19.6735 69.1869 166.1904 254.9823 
17.3299 71.2746 149.8328 238.4028 
13.9186 68.0265 150.1118 232.0401 
15.9268 65.9047 161.4982 243.2333 
16.7295 67.8559 155.1422 239.6713 
17.3543 87.6581 140.8318 245.7873 
19.0600 70.0942 146.5555 235.5987 
23.5893 86.4481 158.7373 268.7023 
26.5872 75.4611 178.5957 280.5655 
23.5518 78.3655 181.2037 282.6553 
21.1080 75.7139 172.3900 269.1665 
23.3992 82.1020 154.0617 259.5325 
22.3332 79.5072 162.4371 264.1851 
20.8099 74.7876 168.1616 263.7237 
23.1399 78.9733 177.8870 279.9650 
20.7463 80.9122 156.4828 258.0946 
24.0324 86.9293 158.6887 269.5796 
23.2124 84.3667 161.8411 269.3724 
25.1110 76.8763 163.1523 265.0804 
25.0697 73.9701 163.7702 262.6794 
23.6037 86.1531 192.5619 302.2273 
25.1360 83.6021 156.9303 265.5419 
22.8709 70.6311 155.4750 248.9519 
22.8937 85.8276 179.0696 287.7408 
23.1417 70.9841 174.8137 268.8115 
22.0468 71.2019 171.0811 264.3092 
22.2146 77.1102 212.6572 311.9516 
24.2360 75.0187 194.3524 293.4942 
25.0712 71.2291 205.2585 301.4855 
25.9137 83.5564 228.1573 337.5769 
21.9118 74.4628 200.8300 297.1468 
23.2558 82.9749 171.3873 277.5447 
21.9631 75.6393 164.5480 262.1189 
31.9207 97.5571 179.7055 309.1626 
21.6158 74.9573 170.4689 266.9882 
21.7574 71.9585 167.8958 261.5730 
22.0331 77.6691 151.3661 251.0381 
27.6275 113.1542 196.4580 337.1077 
25.1740 78.4485 151.7974 255.3728 
22.2138 78.9431 169.7798 270.8185 
21.8859 103.5348 165.2068 290.4880 
23.2801 86.4985 193.7203 303.4100 
21.5962 80.7728 168.4436 270.7739 
30.4581 78.6457 167.3659 276.4247 
21.4695 78.7380 184.6171 284.7847 
33.3235 78.1318 176.2706 287.3977 
25.5601 98.9524 162.1916 286.6283 
33.3485 116.0497 190.6274 339.9916 
23.1442 97.5833 193.8093 314.4860 
25.3779 94.3250 182.9289 302.5683 
21.0852 81.7061 167.4470 270.2032 
23.5899 83.9531 178.2838 285.7858 
22.5974 86.1168 173.6350 282.2707 
21.0607 79.5092 166.0042 266.5454 
24.1977 90.2909 189.2249 303.6726 
24.5154 85.2981 165.1797 274.9551 
25.0331 84.2185 173.7658 282.9707 
23.4685 75.7405 156.9147 256.0408 
24.2504 75.4352 160.2977 259.9437 
22.4580 76.3923 174.5653 273.3862 
26.3530 81.1801 169.0128 276.4409 
23.7964 89.6819 155.8135 269.2182 
23.0616 75.9387 154.7661 253.7455 
28.1013 85.8576 211.4621 325.3861 
27.7588 76.8484 172.0194 276.5558 
25.4525 78.8190 175.1454 279.3741 
22.5917 73.5788 195.1554 291.2284 
22.0408 79.5735 172.7848 274.3169 
22.5350 74.1658 173.3946 270.0307 
22.8288 73.6983 165.7521 262.2533 
31.2924 84.9367 195.4270 311.6479 
22.5147 105.2764 167.7484 295.4569 
21.4027 81.3025 177.0815 279.7598 
24.3323 77.8298 168.8139 270.5820 
22.9672 100.4252 205.9527 329.2421 
32.7613 102.9879 152.9549 288.6682 
68.8161 97.0336 170.6518 336.4484 
27.0654 82.7987 185.3356 295.0565 
21.2930 93.1337 218.6613 333.0435 
23.2835 92.8249 171.7511 287.8055 
22.5799 86.9189 215.3031 324.7401 
25.9751 84.8703 162.1611 272.9693 
27.9330 83.1197 149.1228 260.1364 
26.9205 98.6935 149.2659 274.8588 
22.3578 86.3485 175.7685 284.3962 
22.0439 77.1235 164.2056 263.3506 
21.9260 76.2412 148.1198 246.2532 
20.2421 103.3937 202.8295 326.4268 
21.4794 89.8974 151.9200 263.2609 
17.4269 72.3770 175.2931 264.9461 
27.5989 78.7622 151.1601 257.4770 
21.8941 82.7376 141.8351 246.3434 
31.8370 81.3526 163.4242 276.5899 
19.8279 81.9204 169.8546 271.5459 
21.8177 78.6261 150.7217 251.1316 
18.7449 71.5858 173.7829 263.9878 
23.5358 73.2038 152.0138 248.7239 
19.7260 74.9575 153.8056 248.4062 
21.0251 70.7854 176.6802 268.4728 
23.0416 92.5583 168.9131 284.4937 
20.7603 116.3548 162.7261 299.7527 
20.3531 76.2049 163.6607 260.1625 
26.2345 106.8216 159.8115 292.7610 
22.8560 90.0346 178.4041 291.2325 
26.4879 77.8540 160.2337 264.5227 
22.9995 86.6855 166.6321 276.2806 
24.5017 91.3464 156.5960 272.3349 
23.3086 125.2090 170.0466 318.7521 
23.2357 76.9085 166.2179 266.3483 
24.8289 92.0187 169.7081 286.4683 
20.7579 86.5457 161.3626 268.5753 
25.2982 95.7128 180.9019 301.9148 
23.1838 115.1435 164.2854 302.5914 
23.4860 81.9547 170.6623 276.0080 
19.9394 84.1709 175.4447 279.4982 
22.0373 78.8572 177.5105 278.3973 
19.8667 85.1856 163.9344 268.6764 
21.8468 79.6750 157.4726 258.9253 
26.1698 102.5324 186.7962 315.1834 
20.4980 83.3163 146.8999 250.6607 
24.5200 74.5213 150.6805 249.5748 
23.8431 83.8554 151.5193 259.0735 
21.8266 75.4249 177.8639 275.0440 
25.9045 75.7950 152.1123 253.7002 
21.1372 73.2142 164.3367 258.6017 
22.4447 90.6829 158.9112 271.9354 
29.3556 79.2484 170.0243 278.6092 
21.0618 104.4383 168.2904 293.7182 
25.9710 92.4821 170.0629 288.4158 
22.9486 72.8911 162.0585 257.8633 
25.8598 87.5761 208.5261 321.9459 
21.0839 67.1758 159.5913 247.8350 
25.0031 76.5727 173.8994 275.3142 
20.2375 75.7120 158.5039 254.4088 
19.5060 85.7473 159.1998 264.4191 
23.0364 82.4784 158.9972 264.4137 
19.1925 86.3361 149.9790 255.3728 
19.0936 72.1629 156.1646 247.3798 
18.3985 77.8251 191.7700 287.9507 
19.7305 76.9612 151.1702 247.6261 
23.2079 71.0129 155.8920 250.0769 
18.9746 74.7166 162.5074 256.0764 
23.0187 81.0371 190.7204 294.6751 
19.5617 77.6485 176.2736 273.4335 
19.1266 73.0243 201.4573 293.5640 
20.0389 82.8794 185.8704 288.7199 
22.3585 73.4865 151.8398 247.6493 
19.8409 72.9729 146.4388 239.1894 
18.5601 101.7064 168.7125 288.9345 
20.1019 84.0328 213.2280 317.2755 
19.2026 71.2661 171.0732 261.4867 
19.4959 80.7116 191.1999 290.9283 
20.7224 77.3904 157.2907 255.3139 
16.6550 72.9052 210.6989 300.2147 
16.3587 72.9619 201.5041 290.7782 
14.3067 70.6732 206.9982 291.8573 
14.8719 74.6126 146.6201 236.0402 
17.2104 74.2155 153.9256 245.3146 
28.3565 74.8062 158.6703 261.7985 
17.1621 73.5513 155.7635 246.4540 
20.1481 85.1725 180.2144 285.4012 
23.2278 69.7122 167.8773 260.7411 
20.0480 84.7963 152.9550 257.7523 
23.8494 91.8311 166.9833 282.6290 
19.2278 72.5757 166.4488 258.2026 
25.9061 89.1564 141.0029 255.8624 
20.6675 83.4061 149.5923 253.4628 
21.6866 75.8080 186.8340 284.2919 
21.4093 76.3257 145.5489 243.2488 
22.4823 129.7052 174.4533 326.5932 
21.3638 76.8095 158.6946 256.8147 
22.3603 72.1137 161.1614 255.5792 
22.2398 73.2505 176.6803 272.1471 
21.3084 72.9125 174.8610 269.0411 
20.8619 68.5780 159.7248 249.0713 
22.1722 77.7239 156.4217 256.2799 
21.7463 76.9594 143.5917 242.2044 
25.8009 75.4847 163.9859 265.2511 
30.5380 79.7748 201.3632 311.6044 
25.0745 80.4182 165.7726 271.2342 
21.6183 72.3297 148.6715 242.6080 
20.8276 81.4819 152.6711 254.9213 
25.5927 84.4265 154.3090 264.3101 
25.2644 71.4606 128.7334 225.4227 
24.0210 80.7872 155.7460 260.5193 
21.2168 70.8775 185.0556 277.1163 
22.3796 103.4220 138.7599 264.5241 
22.4886 76.2184 166.4762 265.1433 
21.0120 81.4255 165.3042 267.6957 
22.8468 74.6527 148.2048 245.6087 
21.6429 79.6586 156.8838 258.1600 
22.1871 72.2751 131.5301 225.9505 
20.9536 81.1379 191.3626 293.3734 
25.2542 84.7418 141.8325 251.7910 
22.7218 71.5153 131.8003 225.9152 
24.5045 74.1761 128.6135 227.2726 
20.6654 76.9979 145.5616 243.1283 
21.4416 93.0318 129.6974 244.1118 
26.7639 76.1377 137.6282 240.4787 
21.8687 73.2433 139.3972 234.4288 
24.5434 108.4342 170.1410 303.0745 
26.4037 75.6666 148.6406 250.6274 
20.9433 79.2554 159.9329 260.0911 
27.4797 85.8752 137.6609 250.9806 
21.7645 106.8285 158.4581 287.0073 
20.6259 77.2419 163.0666 260.8446 
21.2141 136.6715 182.5985 340.4460 
20.7853 106.9182 202.8504 330.4366 
25.8240 81.8240 193.7658 301.3799 
26.3241 106.5707 194.6954 327.5512 
23.6140 77.1303 173.0427 273.7488 
20.7690 93.5744 190.6497 304.9462 
21.5665 78.8198 159.4030 259.7385 
24.1944 76.7650 164.5298 265.4143 
27.2346 76.5153 169.7591 273.4716 
22.1705 91.2000 188.4466 301.7476 
24.1369 76.4221 158.3651 258.8931 
22.5245 96.4911 173.7977 292.7946 
22.8127 72.2435 185.8089 280.8286 
27.3885 83.8795 198.4571 309.6833 
26.0988 100.4636 191.3802 317.9020 
32.4107 75.5834 157.3350 265.2739 
24.0731 84.2535 174.1230 282.3788 
31.9643 90.2827 175.2189 297.3673 
29.4221 109.4342 152.4333 291.2550 
23.4603 71.0961 166.1424 260.6838 
22.4604 71.4823 173.2779 267.1601 
22.6302 68.8393 155.6786 247.1058 
26.2151 71.9572 175.2644 273.3802 
22.5122 74.3115 174.1955 270.8931 
25.4012 69.2343 173.7205 268.3060 
21.8973 86.9939 196.4352 305.2207 
21.5895 75.9380 160.4379 257.9276 
24.4569 83.4525 168.4111 276.1786 
22.2242 87.0353 192.9676 302.1755 
22.8061 72.2769 166.9750 261.9547 
24.7667 77.5128 169.0821 271.2598 
22.3465 75.2415 158.2777 255.7837 
22.7821 73.9141 204.2941 300.9432 
27.7520 73.9398 168.3558 269.9233 
21.8974 82.4557 171.1061 275.2795 
21.0733 93.1884 177.2348 291.4637 
25.0085 73.2240 173.6729 271.7618 
20.9574 70.6374 171.4183 262.9946 
24.1932 98.8944 198.8855 321.9070 
20.7756 74.5510 188.6691 283.8751 
24.9738 77.0539 152.9623 254.8483 
23.6903 78.9912 159.4456 261.9309 
25.3516 99.0095 159.4207 283.6037 
20.3343 72.8045 183.0433 276.1371 
20.1182 101.7427 169.2477 291.0029 
21.0036 84.4505 150.0939 255.4533 
19.6845 89.0369 173.5215 282.1445 
19.5429 83.8384 155.8384 259.1059 
24.0560 80.9280 156.1163 261.0479 
20.3018 71.4881 159.7997 251.5268 
28.5393 75.4098 168.1107 272.0431 
23.0783 70.2462 168.0102 261.2876 
21.8854 87.7421 154.0633 263.6555 
31.0860 95.8955 149.1556 276.1200 
19.9232 71.8967 146.1307 237.9147 
22.3808 82.7934 154.2948 259.4483 
22.3371 67.8853 176.4390 266.5963 
27.3550 77.6483 137.3082 242.2765 
22.6288 72.5832 167.4286 262.9435 
22.1024 79.1429 186.4001 287.5261 
21.9606 71.3129 155.2638 248.4400 
22.9926 76.4670 171.0466 270.4480 
23.0714 71.4204 153.4226 247.8488 
22.3796 82.4586 201.5819 306.1737 
25.7559 81.7968 164.9508 272.4735 
22.9062 78.2099 174.0071 275.0686 
21.3211 85.4512 159.5643 266.3007 
22.2119 114.4004 179.6369 316.1480 
22.1676 80.0043 159.3328 261.4615 
22.6629 80.9336 178.0466 281.6242 
22.2190 81.3646 203.6154 307.1608 
32.9139 90.9164 160.8219 284.6369 
43.4980 85.6364 166.1319 295.2320 
33.7459 97.1302 161.7902 292.6285 
22.5978 75.9206 206.6583 305.0405 
25.5597 89.3682 169.8524 284.7363 
22.0269 71.2107 175.3549 268.5233 
23.0775 89.8739 215.8947 328.6320 
21.7067 80.0877 176.0136 277.6737 
26.7481 91.9611 190.3105 309.2094 
31.2420 89.6826 230.7035 351.5292 
23.4825 79.0200 189.6500 292.0575 
25.3956 81.2902 215.1394 321.7647 
20.9601 81.0763 213.1203 315.1216 
20.7500 72.2699 182.5498 275.4460 
35.7215 96.4782 181.0289 313.1131 
23.4287 75.1992 212.7711 311.3370 
25.5401 73.3983 180.3265 279.0339 
23.2681 71.6035 183.7882 278.5795 
25.6832 76.7971 184.7593 287.2029 
21.7040 69.0642 188.7575 279.4886 
31.1152 69.2445 189.9295 290.2446 
21.1009 78.5557 204.3196 303.9534 
24.1803 72.3211 220.8736 317.3280 
24.5972 79.4501 207.3441 311.3064 
26.3333 114.3627 198.2842 338.9620 
22.3902 74.8815 203.2193 300.4586 
23.7223 79.6778 206.8734 310.2415 
21.4870 83.2170 199.0491 303.7325 
20.7944 79.7305 199.5488 300.0110 
27.7931 111.8922 188.4491 328.1040 
22.3171 77.7162 182.7560 282.4334 
23.9315 75.5183 209.1080 308.4035 
24.3651 107.3040 244.7873 376.3667 
26.2507 74.2863 210.1750 310.6623 
22.6577 93.2579 204.9927 320.8355 
22.1319 85.5498 219.7846 327.4068 
35.6107 81.3008 199.5870 316.3666 
22.6415 101.1834 230.1378 353.8132 
31.7434 91.5106 211.7701 334.9922 
24.5339 77.6144 238.6218 340.7458 
21.3662 77.8444 226.7316 325.8522 
27.1338 80.4032 216.4809 323.9182 
26.3872 90.5335 192.2496 309.1028 
23.8671 94.9066 232.4731 351.1812 
32.2611 104.0654 226.5368 362.7952 
23.1551 78.7734 221.3823 323.2207 
20.8994 80.6723 204.5815 306.0922 
24.2145 79.9204 238.9669 343.0433 
32.0257 96.6437 218.0483 346.6482 
27.5435 89.0112 253.0732 369.5370 
26.5633 93.5062 235.1795 355.2006 
22.9101 106.8333 244.8832 374.5910 
27.2053 92.2263 246.2131 365.6250 
27.0326 83.9265 252.0483 363.0035 
25.8039 76.6151 232.2383 334.5769 
23.1453 103.8928 217.2376 344.2574 
18.8200 84.3146 220.2916 323.3492 
25.0246 76.5256 256.5325 358.0055 
21.3794 94.7946 232.6015 348.7129 
20.7244 103.2758 219.2281 343.1618 
24.8727 91.9538 243.6782 360.4702 
21.6716 83.2913 211.6170 316.5372 
26.2202 94.7939 251.7782 372.7845 
25.0152 86.4577 234.6270 346.0745 
20.7699 82.5519 226.7279 329.9816 
17.8274 74.2227 214.7449 306.7469 
17.0247 79.2164 230.3463 326.5341 
15.2670 72.6942 246.9648 334.8832 
23.6563 74.2485 226.8832 324.7521 
16.7750 86.4631 204.2822 307.4261 
19.2626 112.5610 209.2891 341.0726 
23.7567 77.0257 193.0151 293.7423 
24.7902 84.3884 229.3944 338.5267 
21.7856 75.7858 222.3317 319.7781 
27.9219 96.0274 189.0881 312.9884 
23.0061 93.8234 200.8734 317.6555 
21.4984 86.2694 188.0438 295.7903 
20.4073 82.2427 237.4033 340.0293 
29.3621 77.7686 221.5910 328.5875 
21.6648 73.1958 210.2903 305.0513 
23.7149 82.1142 182.0407 287.8056 
22.0200 77.2652 205.2641 304.5269 
21.3622 94.0037 196.4186 311.7450 
21.2098 80.7486 209.1264 310.9846 
22.0737 76.7070 198.0597 296.8044 
23.0512 75.0444 235.7943 333.8321 
22.0341 84.6213 287.6338 394.2547 
24.8542 82.5924 196.5943 303.9500 
21.9511 85.6926 196.9512 304.4686 
21.4493 107.9410 204.0470 333.4171 
21.7759 85.8544 228.0025 335.5727 
22.7584 86.7954 244.5778 354.1185 
21.0030 95.6206 267.3873 383.8920 
24.5615 74.2206 246.7299 345.4343 
21.0026 76.2063 239.2512 336.2592 
25.0825 88.6206 221.0970 334.7640 
21.8617 78.7900 231.1455 331.6975 
22.6366 81.0756 206.4467 310.1246 
20.9967 79.6120 213.5344 314.0567 
22.2495 76.3933 210.7193 309.3192 
24.4639 75.4939 202.6730 302.5875 
22.2216 68.8504 214.8791 305.9127 
28.1284 71.6189 207.9609 307.5706 
21.4421 104.2071 213.7672 339.3283 
20.8755 71.2740 199.1312 291.2279 
30.3426 71.5168 239.8182 341.6418 
22.8553 81.0480 206.6996 310.5558 
23.1601 79.5087 235.3644 337.9933 
21.6085 79.1215 235.7364 336.3934 
22.7220 77.4664 231.9980 332.1598 
31.6256 100.9519 246.6065 379.1463 
22.3642 85.8356 241.9367 350.0964 
22.3638 80.9393 283.1400 386.3471 
24.8874 86.1780 202.2183 313.0722 
24.6653 75.0996 228.8952 328.5971 
25.1957 99.0587 201.9322 326.1181 
31.1307 75.0922 222.1868 328.3219 
23.2925 76.3263 236.2558 335.8358 
24.2842 86.5179 253.6299 364.3851 
26.5737 87.8544 223.8416 338.2242 
22.2697 80.4904 222.9137 325.6574 
23.3641 74.9085 200.3240 298.4844 
21.5660 88.0575 219.6832 329.2848 
22.7900 72.9145 219.3809 315.0507 
27.0129 78.0673 251.3043 356.2952 
22.2747 77.4536 245.0305 344.6972 
22.9014 78.3474 222.0834 323.2302 
22.3404 72.8716 204.2357 299.3833 
23.3445 76.6293 207.6828 307.6319 
29.6866 74.2511 229.0141 332.9140 
21.5981 66.7473 255.8025 344.1098 
22.4747 82.7783 250.2830 355.5040 
27.0965 92.0881 225.8280 344.9516 
22.6561 77.1533 211.4752 311.2639 
26.0810 74.8256 256.7532 357.6251 
28.0295 83.2192 203.5806 314.7305 
21.5837 83.6072 215.8606 321.0024 
22.9484 75.9896 212.4720 311.3741 
20.5093 84.7365 219.3558 324.5542 
30.1918 73.3721 227.3599 330.8859 
29.4522 92.7459 220.0261 342.1417 
22.1758 109.6826 227.0280 358.7811 
28.3574 77.4424 201.8115 307.4948 
21.9342 76.6641 265.1505 363.7273 
22.9788 87.3778 236.9492 347.2657 
20.3164 77.3939 231.1481 328.7595 
20.8340 74.6012 214.4973 309.9138 
23.2037 83.7469 210.1198 317.0339 
20.9627 74.1177 243.5735 338.6107 
22.4903 85.8561 257.2355 365.5139 
23.7558 77.3543 203.1611 304.2080 
26.6010 72.3396 253.2651 352.1469 
24.8279 73.4931 252.3186 350.5747 
24.4692 93.3578 230.8588 348.6489 
32.6184 89.9127 212.4920 335.0008 
21.6331 86.3797 224.9870 332.9532 
29.0102 84.6804 248.9432 362.4113 
21.9332 106.8645 209.8593 338.5789 
22.6998 92.1535 223.1576 337.9338 
28.7796 88.5366 209.2534 326.5111 
20.8281 82.8176 225.4106 329.0003 
19.6834 84.6113 249.9078 354.1696 
20.2862 72.0214 201.6736 293.9426 
23.1410 103.3567 187.9810 314.4098 
18.7007 84.0085 240.9563 343.6034 
17.3639 88.2019 194.5468 300.0582 
18.7475 75.8790 199.5798 294.1686 
18.9181 89.7221 187.4094 296.0133 
22.7922 77.9614 186.7209 287.4368 
18.7620 77.2835 183.4701 279.4870 
19.1030 70.9916 174.0953 264.1579 
20.9440 91.6844 176.9272 289.4857 
19.2460 94.0320 229.1188 342.3387 
19.1296 110.5584 208.7395 338.3460 
21.0228 84.8943 185.1034 290.9653 
21.9433 86.8687 169.7729 278.5475 
27.8473 89.8914 237.2789 354.9729 
25.3571 104.9443 185.5588 315.8246 
18.8715 99.0895 240.5054 358.2327 
21.4338 86.0340 219.7889 327.1832 
25.4904 124.1417 260.1914 409.8027 
26.4876 95.2990 204.8048 326.5329 
24.0613 101.3476 232.4081 357.7186 
23.1994 86.6572 217.2273 326.9992 
22.4133 100.9453 217.8666 341.1684 
21.8540 88.1956 219.3732 329.3737 
31.7428 75.0509 201.2589 308.0158 
24.4444 82.2816 189.8810 296.5514 
22.6985 121.5861 216.4343 360.6532 
27.5535 114.3011 193.0734 334.8852 
27.9413 88.7350 195.2315 311.8100 
25.3748 84.2202 213.8994 323.4328 
33.5423 109.4819 205.8895 348.8437 
20.0836 73.7447 195.9702 289.6396 
24.1963 94.6123 185.6504 304.3761 
22.8130 100.1838 206.1234 329.0156 
19.7170 77.9674 184.5179 282.1656 
18.9776 105.8134 184.3129 309.0670 
22.8943 75.3121 192.0879 290.2720 
19.4223 74.1907 184.2014 277.7906 
18.0120 75.3841 165.3862 258.7301 
19.5201 74.0934 194.8429 288.3119 
25.2571 75.5257 178.9762 279.7407 
21.4868 110.2960 215.6230 347.3551 
21.7055 73.4476 193.1185 288.2372 
25.0228 81.9683 172.4955 279.4395 
23.9872 108.0901 176.9442 308.9596 
24.4289 76.5544 156.4633 257.4128 
23.9015 84.3730 193.1226 301.3577 
21.7542 93.5851 180.7623 296.0507 
26.8634 88.7259 178.3197 293.8688 
22.7329 80.7112 177.3634 280.7776 
22.0132 76.9542 294.2707 393.1917 
26.9069 89.9193 174.0765 290.8651 
27.1475 84.7236 182.9117 294.7478 
20.9189 74.3534 190.2422 285.4769 
25.4633 98.4823 177.9215 301.7715 
30.4630 110.7354 194.6485 335.8115 
21.1560 74.8389 201.3612 297.3354 
22.1022 72.0364 189.8598 283.9517 
25.9865 75.2254 212.4492 313.5945 
29.8657 105.2772 178.3165 313.2200 
23.2867 80.8958 203.0321 307.1655 
23.2349 96.9638 184.7361 304.8792 
27.7155 79.0364 178.0757 284.8052 
26.3207 105.4500 191.7250 323.3971 
22.4379 87.6182 204.4374 314.4268 
22.0350 79.5007 176.5142 277.8768 
21.7227 97.0475 189.6519 308.3938 
24.4255 80.0579 174.7711 279.1412 
23.8809 98.5351 204.6953 327.0735 
23.6549 90.1684 166.7282 280.4721 
25.7143 92.0204 215.2634 332.9590 
26.4116 79.2232 195.9779 301.5322 
22.9506 82.2297 218.5810 323.7185 
19.1653 70.6083 198.0760 287.7919 
26.6619 73.0706 161.7818 261.4106 
21.1893 77.1437 159.6688 257.9798 
22.2997 88.5858 172.7494 283.5410 
30.0615 76.6192 162.3701 268.9559 
25.4425 84.0317 176.0372 285.4649 
22.5090 85.1520 170.3812 278.0224 
21.3463 72.9703 151.7361 245.9703 
24.3366 87.4686 162.3373 274.1007 
19.1210 68.0501 166.5908 253.7420 
18.6196 86.4254 164.5796 269.5557 
23.8149 80.3279 170.8729 274.9758 
26.4533 74.5744 180.0111 280.9802 
19.1531 72.8156 157.6473 249.5491 
21.0262 77.9686 179.9072 278.8534 
19.5994 96.3495 175.4329 291.3471 
20.9081 104.0915 190.1126 315.0370 
19.0987 79.3060 209.9100 308.2884 
31.7235 84.1424 148.6302 264.4628 
21.1390 82.3143 210.2222 313.6369 
24.2770 96.6292 178.1804 299.0035 
20.2937 75.5222 167.4168 263.0369 
20.3811 73.1007 155.0189 248.4631 
24.9525 71.7296 183.8713 280.4685 
19.2626 85.3176 177.5759 282.1135 
23.1288 71.4568 174.0671 268.5848 
25.5019 82.7227 182.1048 290.2877 
19.7020 73.5289 170.2966 263.4053 
20.6707 71.7122 173.5047 265.8053 
19.8484 90.2353 172.8406 282.8546 
27.1303 84.7994 179.7811 291.6389 
20.2581 78.7931 165.4111 264.4043 
21.2430 81.6649 195.6965 298.4290 
23.2250 81.1969 169.4317 273.7352 
21.8535 78.1554 162.6551 262.6147 
23.2327 80.3585 166.6655 270.1619 
23.5029 90.8893 146.5795 260.9279 
33.3885 81.9168 187.3251 302.5920 
20.7620 69.3465 136.6998 226.7834 
30.2733 99.9012 144.0086 274.1386 
19.6672 79.4864 148.6871 247.8037 
19.8635 74.1202 181.9717 275.9143 
28.5638 86.4700 163.4409 278.4233 
23.3335 79.4539 145.5468 248.2270 
27.5698 110.0301 174.7998 312.3342 
22.6337 105.8305 160.6835 289.1021 
24.6643 81.0004 181.3827 286.9280 
21.6869 93.1815 153.3481 268.1809 
21.3438 155.8809 165.2678 342.3710 
23.3222 79.3765 150.4227 253.0495 
27.7698 88.0242 154.7430 270.5163 
21.3066 97.2263 177.0913 295.5849 
20.4297 70.8857 159.1216 250.3400 
21.4121 81.8472 174.2840 277.5025 
22.1169 72.2082 169.5137 263.7347 
20.7381 68.5564 144.8340 234.0767 
22.8959 73.5032 151.7208 248.0357 
26.1893 71.6699 212.2690 310.1106 
29.7268 78.0809 183.4633 291.1818 
20.2509 82.2916 178.1775 280.6406 
20.7738 73.1811 147.1570 241.0660 
24.5086 82.1709 195.5412 302.1298 
24.5823 84.5950 202.7418 311.8302 
21.7062 109.5179 170.1223 301.2951 
22.2564 74.8055 161.4685 258.4982 
22.3131 71.8067 172.0126 266.0032 
22.0955 92.9031 168.0612 283.0006 
21.5830 69.8380 179.6011 270.9488 
23.4959 71.1778 171.3948 266.0152 
21.6522 85.5897 153.7331 260.8922 
21.3499 81.0285 182.0005 284.3587 
22.9351 94.3242 164.0984 281.3358 
23.0998 77.3836 163.9967 264.4309 
22.2496 77.5210 160.0320 259.7448 
24.7637 83.9167 176.5398 285.1972 
19.7647 79.0516 148.0153 246.6668 
19.6908 92.9197 137.9083 250.4157 
20.3197 78.8583 204.4979 303.6145 
22.2019 83.4154 160.0683 265.6445 
21.2649 71.9164 132.7757 225.9336 
20.0179 76.8770 141.8820 238.7088 
31.8409 78.3555 139.2198 249.3743 
20.8502 81.3833 151.8803 254.0841 
23.0917 82.4274 143.0625 248.5303 
20.5511 81.5192 136.2384 238.2583 
21.3339 91.5969 157.6015 270.4461 
19.6448 75.7246 136.2169 231.5447 
20.4645 74.9546 162.8093 258.1568 
18.5896 73.1162 144.5576 236.2418 
20.6447 74.9764 168.3184 263.8613 
17.8672 75.4804 155.2764 248.4931 
18.0103 78.0865 166.6929 262.7661 
17.8263 73.1449 180.3146 271.2418 
18.5560 94.4425 159.4327 272.3928 
20.4423 79.1575 154.8630 254.4226 
19.0232 75.1156 146.4535 240.5534 
29.7041 97.6017 148.1530 275.4243 
21.4502 76.6606 191.9336 289.9608 
19.0126 92.9174 137.2313 249.1246 
19.6430 72.2882 159.5306 251.4254 
19.9222 83.0932 173.5372 276.5161 
21.7033 73.0489 195.7164 290.4427 
21.4612 76.5532 158.9518 256.9271 
22.5965 91.2681 184.9575 298.7846 
25.7713 98.1468 160.0636 283.8606 
21.3571 85.7499 164.5627 271.5976 
21.9661 85.4381 164.2304 271.6038 
20.6254 86.9471 178.3119 285.8474 
26.1857 97.4289 169.1550 292.6364 
27.3480 75.9264 169.8495 272.9710 
25.2388 79.4592 321.2626 425.8220 
21.7380 80.6096 187.7100 290.0131 
33.3275 71.6457 203.2982 308.2258 
21.3081 67.7933 158.5023 247.5628 
25.0795 71.9377 190.5632 287.3769 
22.9808 73.7786 168.9030 265.4400 
22.2483 68.0081 211.9963 301.9374 
26.6596 78.6801 201.5411 306.8111 
22.9524 84.6053 162.7285 270.2019 
24.0490 110.8793 200.4236 335.2982 
27.6313 90.1918 242.8486 360.6279 
23.9809 105.8905 166.9428 296.7764 
21.6840 94.6235 181.0508 297.3221 
22.6331 75.2524 178.2800 276.0528 
24.2472 123.5597 254.8656 402.6400 
22.3541 85.9831 179.3968 287.6475 
23.0961 77.1403 166.5634 266.7364 
22.4121 84.1028 174.8083 281.0323 
24.7514 65.3066 221.2544 311.1314 
21.0361 90.2359 233.0265 344.1682 
24.7763 100.8495 174.4468 299.9624 
21.7161 101.0528 193.0544 315.7244 
26.9190 71.5550 167.8019 266.2546 
27.8617 74.3417 171.1537 273.3338 
23.3608 70.9304 174.8848 269.1358 
22.1034 69.9061 200.8457 292.7818 
21.4303 72.0390 160.3795 253.8033 
21.8250 88.8771 283.3345 393.9800 
22.9428 76.7320 205.1583 304.6968 
20.5291 74.0818 153.5249 248.1117 
29.9589 91.8058 185.0037 306.7470 
22.6504 75.8621 229.3458 327.7585 
22.3332 83.1992 196.1201 301.5459 
25.3975 84.5024 183.4848 293.3481 
39.0687 106.5187 184.2905 329.8297 
21.6036 98.6477 223.5484 343.6708 
28.4759 96.8072 228.9675 354.1641 
22.8130 119.2456 192.0209 334.0550 
25.5392 95.0734 229.3188 349.9030 
24.9588 106.1858 229.5225 360.6412 
32.5419 103.6357 206.8329 342.9086 
21.3297 82.3020 212.8484 316.4373 
22.8429 129.6078 187.9944 340.4050 
23.6962 80.7403 227.0880 331.4941 
30.9274 82.1591 189.7527 302.8091 
22.7964 87.8295 250.6787 361.2676 
25.0652 97.4474 187.7169 310.1905 
26.8065 84.5467 251.1862 362.4970 
28.3941 72.5626 173.3261 274.2276 
31.0913 95.6310 213.8185 340.4547 
23.8271 108.6327 196.1740 328.5825 
24.6049 90.0311 169.8754 284.2773 
22.7457 78.3107 192.0298 293.0195 
27.5382 83.8652 163.4102 274.7497 
24.8340 75.2256 175.6549 275.6552 
21.4788 111.7237 196.1015 329.2762 
34.1946 78.0086 192.4186 304.5851 
23.4411 77.1189 202.7637 303.1757 
23.1314 102.6907 175.1046 300.8633 
22.7814 86.7243 212.8515 322.3339 
22.7805 78.5342 203.3868 304.6503 
33.4626 74.6474 166.3672 274.4122 
25.1702 84.6947 205.7413 315.5348 
21.0046 90.7407 176.2147 287.9395 
22.3062 106.8647 188.2433 317.3046 
23.2869 107.1402 198.2003 328.5864 
31.9708 81.7578 193.0547 306.7609 
26.5798 103.5032 372.2171 502.2622 
22.6142 78.0089 201.8513 302.4088 
20.7771 102.9492 209.7221 333.4323 
22.2151 89.2023 185.4286 296.8218 
30.0004 91.6360 177.2937 298.7938 
23.4683 80.1385 185.3776 288.9259 
36.1398 85.5897 224.5963 346.2957 
21.4256 76.7653 180.5621 278.6815 
20.8776 96.8677 195.7302 313.4081 
26.4784 109.1856 182.9843 318.6116 
22.0710 93.5204 215.7200 331.1353 
25.3930 79.1079 216.1007 320.5254 
22.3190 81.8814 186.4633 290.6302 
21.7832 78.7644 199.7666 300.2795 
19.5392 85.4409 183.9441 288.8235 
18.1346 101.0085 212.5808 331.6994 
27.3990 85.7745 210.4795 323.5990 
20.1224 78.9620 193.5555 292.5766 
22.5808 84.9960 193.8983 301.4541 
17.5722 90.0720 195.0322 302.6337 
29.2716 71.5615 297.6401 398.3469 
19.8168 78.3583 176.8442 274.9814 
19.3292 97.2344 201.8618 318.3626 
23.4096 90.9569 209.7973 324.0558 
20.2277 78.7632 236.0499 334.9416 
18.4855 110.9338 288.4069 417.8049 
19.5094 71.1631 201.0470 291.5943 
27.7549 84.4664 253.3907 365.5419 
20.1175 80.5835 235.9312 336.4706 
22.6350 84.7952 247.6316 355.0055 
21.4986 76.0757 253.1037 350.6376 
21.5655 85.0377 223.5064 330.0587 
20.9347 77.4730 197.8976 296.2817 
22.9697 75.7115 221.7488 320.2436 
21.2321 90.7717 302.8756 414.5538 
20.8180 84.5356 205.4051 310.5927 
35.3587 85.7309 220.4888 341.4000 
22.4561 78.0108 205.7724 306.1848 
28.1715 91.0852 213.6304 332.8637 
22.5870 107.8926 248.2280 378.6642 
26.0097 85.3226 266.4645 377.6953 
20.0030 85.5265 183.8994 289.3815 
23.8865 76.3734 207.0302 307.2432 
27.4717 88.9403 207.8009 324.1920 
18.8479 69.1647 206.6175 294.5928 
20.6717 80.3942 236.7453 337.7765 
18.4388 76.5769 200.6239 295.4927 
19.4614 94.5161 217.4378 331.2601 
18.8452 86.4262 231.2221 336.3242 
26.8428 86.9585 247.0439 360.7034 
20.4695 75.9763 233.3531 329.7089 
19.9602 75.3488 212.6422 307.8224 
18.5470 92.4794 205.4197 316.4443 
22.4333 128.8019 228.4601 379.6217 
23.9840 76.9681 243.4122 344.3246 
24.7412 84.9834 217.2568 326.9425 
27.4874 79.7600 220.0165 327.2290 
20.9702 85.8843 219.1521 325.9316 
26.3598 82.6419 212.6908 321.6562 
21.7313 84.8536 246.7324 353.2542 
21.2500 93.7146 311.6808 426.4884 
21.2059 86.4260 204.5876 312.1523 
26.0234 78.2803 207.2741 311.4862 
21.6734 84.7363 226.2281 332.6135 
21.6937 79.5072 221.8382 322.8980 
24.8465 73.0586 204.7960 302.5869 
22.4241 80.0777 227.4863 329.9053 
27.1056 73.9426 213.9435 314.9529 
25.1275 74.4464 240.3737 339.8562 
23.2774 87.8760 216.1037 327.1334 
21.5645 83.3603 254.1420 356.7981 
22.3097 75.8315 258.7837 356.8602 
20.7983 80.5521 226.4853 327.7839 
21.2336 88.8984 244.1641 354.2782 
24.5425 79.6350 210.6830 314.7630 
23.7316 90.0840 220.4875 334.2824 
29.3963 92.9411 268.7756 391.1224 
28.5799 87.7649 334.1283 450.3822 
26.4252 80.1917 241.4493 348.0425 
36.4893 126.5741 237.7936 400.7815 
21.1741 77.8996 333.6960 432.7246 
31.4130 88.7731 218.1151 338.2828 
21.1559 79.0270 208.2726 308.4348 
19.9907 81.6371 226.4020 328.0092 
23.6039 99.8612 235.7122 359.0832 
23.8863 80.9090 256.8250 361.6021 
29.1545 106.7596 227.0603 362.7835 
19.8855 83.4475 248.9106 352.1011 
20.8940 80.6699 217.8660 318.8763 
25.2566 112.1286 225.0852 362.4479 
23.9524 69.5113 253.2644 346.6630 
21.3426 69.8510 225.7386 316.8945 
20.7385 89.8745 279.1716 389.7193 
22.6188 88.0673 238.3053 348.9261 
21.2665 106.3987 255.3017 382.9080 
25.4385 80.3929 211.3824 317.1909 
25.1271 92.5811 258.0493 375.6138 
24.5963 75.5585 244.2895 344.3742 
21.3672 72.8610 252.6395 346.8520 
27.3283 96.8450 214.6120 338.7507 
21.3017 78.4601 249.7697 349.4694 
22.3000 85.3891 230.3409 338.0065 
19.7434 68.1052 270.7238 358.5020 
22.7996 73.6347 226.9497 323.3532 
19.8097 98.9230 257.2470 375.9430 
20.2433 84.7154 251.9548 356.8766 
23.8083 76.2478 238.0537 338.0866 
20.1553 76.2563 270.7641 367.1550 
21.5995 84.8457 240.5354 346.6826 
23.4814 82.7191 226.5948 332.6643 
33.9484 103.5252 238.0690 375.4882 
23.7401 77.7378 237.0863 338.5282 
21.2886 85.3604 226.1606 332.7734 
20.0093 101.1394 225.1759 346.2658 
26.6660 90.4069 219.6797 336.7172 
21.4556 74.0606 222.2256 317.7220 
27.0255 75.6845 247.3974 350.0658 
21.3544 79.2675 217.4846 318.0153 
20.4950 88.5132 216.7510 325.7564 
26.0014 85.3845 234.1160 345.4605 
21.9362 75.2693 858.3008 955.3945 
21.9105 66.8536 217.6076 306.3343 
21.1489 74.2192 228.2044 323.5364 
21.0350 91.5979 217.8187 330.4278 
21.0876 83.8072 233.3770 338.1812 
21.2250 85.1502 247.2873 353.5569 
23.7418 80.3696 229.0264 333.0756 
20.1411 79.4172 247.2329 346.7474 
21.9803 94.1610 222.6671 338.7190 
21.9024 83.4715 209.2028 314.5627 
19.7165 75.5455 240.0607 335.1970 
20.1376 75.5974 226.7401 322.3656 
23.6451 73.8919 240.8708 338.4516 
21.5639 75.5848 215.4294 312.5377 
21.2277 97.5686 228.9083 347.6813 
21.7049 81.2502 230.6744 333.4717 
19.3873 85.5389 283.5213 388.1646 
26.0920 78.0681 231.0086 335.1026 
19.4001 84.1300 217.7038 321.1437 
18.5841 71.1781 212.2398 301.9651 
16.8856 71.3876 242.1767 330.3202 
21.0474 81.7566 225.2675 327.9069 
18.7387 76.5009 243.8433 338.9721 
19.7854 76.3267 228.5615 324.5854 
16.3054 66.8288 268.0286 351.0267 
16.7500 74.5236 240.6765 331.8895 
18.0796 70.0806 243.7998 331.9362 
29.1020 72.1979 237.8244 339.0560 
23.2917 90.2638 227.6257 341.1432 
22.0069 75.1607 220.3188 317.4499 
24.4548 78.6952 234.2552 337.3854 
22.4606 82.3885 276.7459 381.5043 
22.2523 100.4545 239.7918 362.4487 
23.4073 89.1691 263.5415 376.0916 
20.6640 82.3280 280.8395 383.7606 
23.2668 78.0803 276.7618 378.1089 
23.8824 83.8719 260.7364 368.4620 
24.0522 78.1432 276.8824 379.0143 
23.5370 79.8419 280.5079 383.8726 
22.4939 82.8299 261.8748 367.1583 
21.2679 93.0828 287.6786 402.0119 
24.6344 89.3862 270.4114 384.3654 
21.4993 93.9940 275.4378 390.8829 
29.5366 106.7793 267.8941 404.1118 
23.6429 95.2854 287.8964 406.7219 
29.2675 104.3054 269.5994 403.1358 
23.5255 93.3353 263.0599 379.8982 
30.1586 86.9308 270.5761 387.6161 
23.1599 77.3675 265.6401 366.0600 
21.2918 94.5491 278.6936 394.4939 
22.7893 87.4165 261.1345 371.2967 
23.0675 76.3746 254.8185 354.0618 
22.5893 72.5464 266.9409 361.8364 
22.5185 77.3033 258.5999 358.3286 
24.3978 90.9651 297.1163 412.4575 
23.0643 78.0335 259.5344 360.6104 
26.3540 79.2215 275.2710 380.8047 
21.9388 76.8018 264.1371 362.7914 
22.7495 78.6694 258.9140 360.2535 
34.1112 110.9022 243.2383 388.2031 
23.8178 84.3407 301.7201 409.7749 
22.2740 105.3340 234.1540 361.7141 
26.1110 80.7798 314.2820 421.0737 
33.8801 108.4237 255.5250 397.7911 
24.7698 104.4630 315.5787 444.6801 
28.5650 81.5198 256.7314 366.7297 
20.7822 85.1136 306.7502 412.5835 
21.7194 85.7836 282.3828 389.5852 
25.3263 124.7262 267.9047 417.8490 
28.2806 85.1993 243.3655 356.8166 
21.6966 74.0136 251.3824 347.0130 
23.4617 80.9274 241.5138 345.8799 
23.9346 87.2349 276.2272 387.3364 
21.1976 74.3315 235.8741 331.3809 
25.0365 76.9061 281.3591 383.1505 
22.6676 75.4556 244.3584 342.2833 
21.7273 81.2234 244.7801 347.6936 
26.0006 79.4596 285.1604 390.5741 
25.5746 84.3272 263.2427 373.0156 
27.4901 84.6534 243.0102 355.0451 
26.1327 80.4648 280.3814 386.9635 
21.5485 70.7966 264.8034 356.8865 
29.8886 98.0858 278.3080 406.0378 
25.2683 86.4787 247.3972 359.1262 
23.4375 79.0795 241.9577 344.3419 
22.7505 85.6640 226.8200 335.1454 
23.4687 79.0943 237.8540 340.3346 
25.9465 85.2584 242.5088 353.6920 
27.9134 75.9816 262.3805 366.2239 
35.5364 80.3697 235.6208 351.4912 
22.6437 78.5215 249.7292 350.8132 
24.6325 79.0371 264.5369 368.1710 
20.9237 99.7149 275.0989 395.6342 
22.7420 79.8005 240.9513 343.4034 
26.2989 84.4302 260.5258 370.7606 
22.3632 78.3741 229.1676 329.7235 
23.9312 81.5497 230.5026 335.8619 
26.2131 109.5899 285.9657 421.6352 
21.9105 81.5438 230.9721 334.4000 
25.9973 88.2938 285.2696 399.4771 
23.0483 83.2495 289.1385 395.3579 
30.0226 79.2214 274.0779 383.1185 
20.5857 93.0092 253.5282 367.0560 
19.9807 103.0596 262.6708 385.6845 
24.8325 85.6550 235.9514 346.2955 
20.3618 84.8565 249.5793 354.7560 
19.7407 83.8263 239.7088 343.1755 
21.4868 81.4788 232.8064 335.7477 
19.2943 71.5901 251.2910 342.0892 
18.5170 76.5470 222.0582 316.9994 
22.5616 107.1108 229.5800 359.2332 
20.4257 78.2795 225.5091 324.1768 
21.6546 87.7758 223.4979 332.9010 
28.2333 83.4184 277.7671 389.3584 
20.2349 88.4493 266.8532 375.4449 
18.6209 76.5792 224.4885 319.6651 
20.3747 78.4553 225.7674 324.5730 
27.2040 90.6642 255.4212 373.1898 
25.3285 74.9342 226.4314 326.6686 
21.0486 92.7064 228.2562 341.9554 
21.4262 86.2774 268.8268 376.4402 
34.0283 92.9610 227.5118 354.1418 
22.2611 82.6107 287.5806 392.3255 
21.3054 79.6460 235.7083 336.4975 
20.3032 109.5869 254.4895 384.3149 
20.1880 116.0659 256.9887 393.1785 
25.8950 105.8614 253.9316 385.6517 
20.7917 76.4412 251.8784 349.0674 
21.1504 86.0262 260.6137 367.7047 
20.4286 109.3968 242.9141 372.6575 
24.2280 103.4338 261.8122 389.4494 
22.0564 81.2505 213.0333 316.2178 
21.5923 96.9757 216.0178 334.5165 
24.6814 88.9712 277.6240 391.2605 
26.0543 89.6285 245.0030 360.6488 
22.3476 101.1889 258.8632 382.3739 
21.7074 85.4123 219.8949 326.9092 
23.6076 117.7872 211.5629 352.8536 
26.5325 130.4802 262.8267 419.7840 
25.5148 102.4342 242.0147 369.9039 
27.6677 116.8307 242.7649 387.1727 
21.4511 85.1451 237.5249 343.9771 
23.0627 90.6005 210.0833 323.6976 
20.4865 77.3445 266.1941 363.9579 
24.6277 85.4753 229.5619 339.6201 
21.0981 76.7564 245.8190 343.6257 
26.4707 76.0227 223.2640 325.7187 
22.7694 75.3016 210.2374 308.2678 
19.3721 71.9255 210.7639 301.9775 
18.5352 77.8167 205.6339 301.9636 
20.0158 75.7872 211.9617 307.7295 
20.1327 71.1050 217.8224 309.0194 
18.8192 76.1881 217.1505 312.0336 
19.5325 73.8262 202.5750 295.8527 
20.2643 72.0603 211.3341 303.5909 
25.1192 102.6686 220.7418 348.3041 
19.8489 83.8642 241.3946 345.0635 
25.5795 97.8448 209.0629 332.4256 
25.9777 68.9581 247.3626 342.2425 
19.8035 65.3225 237.4816 322.5348 
19.1300 62.3638 292.2542 373.6549 
22.7898 88.6689 217.5093 328.8797 
16.4852 72.5492 226.4039 315.4151 
16.1597 74.3045 215.5200 305.9472 
17.3771 69.6712 231.8577 318.8689 
16.2737 90.7141 228.4670 335.4199 
15.3960 70.6060 240.7664 326.7122 
15.2302 66.4654 222.0056 303.4281 
17.6312 79.7269 213.4872 310.6508 
19.4749 83.2403 196.3297 298.9774 
17.8654 99.5819 238.9926 356.2980 
18.1918 90.4162 224.2772 332.7664 
18.5359 85.2000 268.7858 372.4328 
23.9544 72.1986 208.5174 304.6373 
20.6771 86.0559 225.8873 332.5593 
20.2584 89.7631 211.6976 321.5896 
20.7297 72.9081 217.7216 311.2727 
20.3342 82.3681 201.4562 304.0394 
22.6706 85.5745 219.3801 327.5807 
24.7749 73.9980 196.0482 294.7577 
27.8852 92.4994 252.9213 373.1832 
37.6224 92.9633 204.9161 335.4416 
28.0599 86.7905 238.3993 353.2138 
24.0070 78.6621 243.8693 346.4399 
20.9852 80.8607 216.7720 318.5979 
23.0997 72.5151 211.5186 307.0981 
23.1568 104.9371 205.9644 334.0048 
20.6856 70.9748 206.2498 297.8648 
30.4442 94.0947 201.9612 326.4120 
22.8288 73.5310 206.7903 302.7628 
21.0033 73.0327 202.1962 296.1899 
21.5844 88.6233 220.7136 330.8947 
22.9600 68.4229 192.0149 283.3117 
23.7667 76.9941 190.2408 290.9241 
20.8510 76.2757 187.7190 284.7759 
23.7537 85.3181 167.4702 276.5248 
37.2619 81.6282 180.1910 299.0798 
21.8358 71.4178 188.2035 281.3616 
20.8591 71.2614 190.6168 282.7148 
20.9095 75.5278 174.1767 270.5931 
23.9595 85.0171 287.9651 396.9277 
20.6603 64.6192 176.1472 261.0116 
20.6439 71.2842 179.4684 271.3555 
20.7359 88.0940 184.6480 293.4395 
24.4356 79.5348 182.4885 286.4405 
20.7388 76.8171 176.4142 273.9331 
25.7633 82.0858 178.1499 285.9821 
21.4432 74.8430 207.1973 303.4465 
19.1205 96.0676 208.1685 323.3088 
20.4733 85.2115 187.2511 292.8506 
32.4328 74.5755 191.6245 298.5553 
20.3960 74.4300 194.1938 288.9495 
20.6844 77.8318 194.7690 293.1700 
20.5518 82.7231 186.8670 290.0212 
33.2127 107.0675 220.2296 360.4846 
26.8324 73.8551 203.4930 304.1106 
23.2293 77.1996 219.0008 319.4069 
27.1360 75.2521 213.7980 316.1665 
21.5584 79.3974 208.0722 308.9086 
21.9767 95.3718 224.5872 341.8646 
27.6041 87.4100 406.8594 521.7725 
34.7220 89.1591 215.0283 338.8699 
22.9932 94.1937 245.1090 362.2352 
22.8584 72.3738 193.4993 288.6748 
26.7841 90.2661 195.4167 312.3734 
