0 0.00014406973843812473 0.015742595966362734 100 5.780346820809248
0 4.5319453025720796e-05 0.010780028489628318 200 6.369426751592356
0 7.551169163660677e-05 0.0076246315718638885 300 6.726457399103139
0 7.317584804482898e-05 0.003440976073110357 400 6.908462867012089
0 4.827921534068902e-05 0.002555430889858621 500 6.297229219143577
0 4.083398172177059e-05 0.002377227824515759 600 6.741573033707865
10 0.00013783564679394002 0.015687824924079087 100 6.097560975609755
10 4.977394320040955e-05 0.01004220004824844 200 6.451612903225806
10 7.398670917474755e-05 0.0074319534419114855 300 6.84931506849315
10 6.909798108470547e-05 0.003622616472305111 400 7.017543859649122
10 4.9732178239592374e-05 0.002641722666459212 500 6.369426751592357
10 4.1468577546738146e-05 0.0021644900091844148 600 6.802721088435374
20 0.00015485991053047123 0.01260627262540586 100 6.369426751592356
20 5.256733497473014e-05 0.007673181681589354 200 6.4935064935064934
20 5.1699120687267296e-05 0.004718181885888557 300 6.960556844547564
20 5.7859961180782355e-05 0.0022928285625216536 400 7.117437722419928
20 5.9041530266656356e-05 0.0023617712616468586 500 6.435006435006435
20 4.1643921000639076e-05 0.002002381906397042 600 6.857142857142857
30 0.0002149718463457755 0.010325991265583857 100 6.62251655629139
30 5.997383269569734e-05 0.007798467102692695 200 6.5359477124183005
30 3.190071736103669e-05 0.0029965452729398146 300 7.04225352112676
30 5.2997022381400926e-05 0.0013155945537182063 400 7.207207207207207
30 6.269386261603449e-05 0.002564867471045211 500 6.501950585175552
30 4.81913836906789e-05 0.0016729089313776493 600 6.8886337543053955
40 0.00029048718250593075 0.012775607460181413 100 6.84931506849315
40 4.848679106325477e-05 0.012565946431187889 200 6.578947368421052
40 3.1596022264106866e-05 0.006729109829404455 300 7.075471698113207
40 4.0017156505726266e-05 0.001576664543371626 400 7.2992700729927
40 7.06212045712796e-05 0.0017218337122128224 500 6.561679790026247
40 5.296795434048415e-05 0.0016390378608519111 600 6.912442396313363
50 0.0003029084947802925 0.016931636664550873 100 7.04225352112676
50 5.184655881410289e-05 0.01467728392645536 200 6.600660066006601
50 6.673784138067097e-05 0.009011031084456209 300 7.0588235294117645
50 4.511003913398829e-05 0.002107350334549687 400 7.366482504604051
50 7.050803315564876e-05 0.0017105236869316464 500 6.605019815059445
50 4.7982539703411725e-05 0.0018261054324922206 600 6.896551724137931
60 0.000296093268530113 0.017597734893449044 100 7.092198581560283
60 4.249774278016765e-05 0.013867151579229351 200 6.62251655629139
60 7.253426783203157e-05 0.008697024574818293 300 6.9930069930069925
60 4.224507500202893e-05 0.0019386786022647174 400 7.407407407407407
60 7.174708583514875e-05 0.0015022845872360697 500 6.6401062416998675
60 4.235473189174836e-05 0.0015764747275582947 600 6.8807339449541285
70 0.00033197562285194974 0.019221052265375238 100 7.142857142857143
70 4.8325145477610246e-05 0.014640076860544072 200 6.644518272425249
70 9.348291754559388e-05 0.007803864292455597 300 6.944444444444444
70 5.334515661762511e-05 0.0009326416023926829 400 7.421150278293134
70 7.883296080468456e-05 0.002250521420634161 500 6.666666666666667
70 4.638155322304202e-05 0.0016592634455468965 600 6.872852233676975
80 0.00032416171484582793 0.02019557600186276 100 7.142857142857143
80 3.7791092621996835e-05 0.013894866766952549 200 6.68896321070234
80 9.024549344767333e-05 0.007389995588797625 300 6.928406466512701
80 4.79177456377574e-05 0.0007107744335047207 400 7.434944237918215
80 7.830454479542487e-05 0.0020095225802319633 500 6.684491978609626
80 4.7624361801606405e-05 0.0012604103634602018 600 6.864988558352402
90 0.00028348086545539064 0.019570301524775 100 7.142857142857143
90 1.99317418040181e-05 0.011520388622260307 200 6.7114093959731544
90 7.470380802900034e-05 0.007027339977815966 300 6.944444444444444
90 3.604111081413908e-05 0.0011398481179207005 400 7.434944237918215
90 7.265416664109814e-05 0.0013151425947177514 500 6.7114093959731544
90 4.266305609451179e-05 0.0006580163009666606 600 6.857142857142857
100 0.00026830305046802154 0.02113678043899178 100 7.092198581560283
100 2.2425311248999033e-05 0.011176472964164996 200 6.756756756756756
100 7.806963152549482e-05 0.006574014456531989 300 6.960556844547564
100 3.3573864648106266e-05 0.0009175024921531179 400 7.2992700729927
100 7.018643531818355e-05 0.0014138948594014206 500 6.7294751009421265
100 4.785941197381135e-05 0.0003730158956522741 600 6.833712984054669
110 0.000233429696125032 0.021307558703801757 100 7.092198581560283
110 2.2901524442525546e-05 0.01038140470525464 200 6.802721088435374
110 7.116763336835836e-05 0.006033753921673583 300 6.9930069930069925
110 6.107823478202753e-05 0.001192521556172646 400 6.2208398133748055
110 6.709513331265683e-05 0.0013776037798730121 500 6.756756756756757
110 4.219324185600623e-05 0.0003415600199761105 600 6.81044267877412
120 0.00021381776553186779 0.02265193928573674 100 7.142857142857143
120 3.0272754272097066e-05 0.010134118244044357 200 6.8728522336769755
120 6.580041472593668e-05 0.005316496883218303 300 7.02576112412178
120 7.92783286857572e-05 0.0014823722786336765 400 6.211180124223602
120 6.486805223947264e-05 0.0016390336542031125 500 6.7934782608695645
120 3.55524017551234e-05 0.0007175659980405517 600 6.779661016949152
130 0.00021051996272829237 0.026068316286856047 100 7.352941176470588
130 7.105474189491941e-05 0.01001701806528467 200 6.9930069930069925
130 8.817210096227686e-05 0.003850398779000377 300 7.092198581560283
130 8.599180852317233e-05 0.002336984667862968 400 6.25
130 6.939060691908507e-05 0.0026682403785653346 500 6.839945280437756
130 2.78360668764101e-05 0.0019919770151657587 600 6.726457399103139
140 0.00010677290535688423 0.017090234134068037 100 7.575757575757575
140 8.510330741159889e-05 0.005212230818908825 200 7.142857142857143
140 9.714675692884023e-05 0.0025767117043113516 300 7.177033492822966
140 7.271334833865101e-05 0.0016707284725565041 400 6.299212598425197
140 5.9589113697905184e-05 0.002954036470669204 500 6.896551724137931
140 4.460770439388797e-06 0.002547023646948131 600 6.666666666666667
150 2.3346814632285324e-05 0.004729464351877339 100 7.751937984496124
150 0.00010349022718981842 0.00519517934950346 200 7.246376811594202
150 8.142371487301775e-05 0.003351348912318941 300 7.263922518159806
150 5.211840649621028e-05 0.0019777779020815757 400 6.3391442155309035
150 4.7958459136659936e-05 0.0030321774255366403 500 6.934812760055478
150 1.603131623176566e-05 0.002185094081761996 600 6.593406593406593
160 4.8053122216635686e-05 0.0034075395643333567 100 7.6923076923076925
160 0.00012303088184871666 0.007461260211963314 200 7.2992700729927
160 8.926356010358736e-05 0.0041276812482383095 300 7.317073170731708
160 5.154457216226787e-05 0.0025718036192320572 400 6.379585326953748
160 4.451591698285131e-05 0.00390397460642711 500 6.963788300835655
160 2.4336605715039888e-05 0.0024438622134322604 600 6.5359477124183
170 0.00010132948081920551 0.005753558399280957 100 7.142857142857143
170 0.0001138081069834981 0.008053673200364339 200 7.2727272727272725
170 8.631966186979638e-05 0.004637222353298986 300 7.352941176470588
170 5.2793560517682806e-05 0.00271925162559086 400 6.420545746388442
170 4.619795901629559e-05 0.0038208719429285573 500 6.963788300835655
180 0.0002181550548799533 0.011628007959982405 100 6.369426751592356
180 0.00013837236173869374 0.008321350550738913 200 7.2202166064981945
180 9.449367769534086e-05 0.004453640513310235 300 7.407407407407407
180 4.9772490627445826e-05 0.00276412964221863 400 6.451612903225806
180 3.4894723210627915e-05 0.004681985891794104 500 6.925207756232687
190 0.00029195265525292044 0.013309488470800357 100 6.172839506172839
190 0.00013410986857651338 0.008950775451160053 200 7.067137809187279
190 9.31669954565905e-05 0.004158543169661077 300 7.444168734491314
190 5.481838608886623e-05 0.002698134600424598 400 6.4935064935064934
190 1.1112240998449561e-05 0.004936035449903283 500 6.868131868131869
200 0.00027687668703758943 0.013115595886396391 100 6.134969325153374
200 0.00011309511521075051 0.006841425939283797 200 6.8728522336769755
200 8.527025783203306e-05 0.003984660452107275 300 7.481296758104738
200 4.8462859759866184e-05 0.0033134138388965723 400 6.514657980456025
200 1.2542242766377072e-05 0.004670721083695668 500 6.8212824010914055
210 0.00031623705868794874 0.016213456274845283 100 6.172839506172839
210 0.00014354331136290493 0.008250257496787879 200 6.802721088435374
210 0.00012519979961284056 0.003779312815317828 300 7.5
210 5.657278219575309e-05 0.004207910120252201 400 6.546644844517185
210 2.0675573431640856e-05 0.005823283212454782 500 6.802721088435374
220 0.00027539239279300614 0.013933073491753793 100 6.211180124223602
220 0.00011318029003416347 0.006083797978943349 200 6.802721088435374
220 9.44683642424024e-05 0.004105124730320617 300 7.518796992481202
220 4.843180268680307e-05 0.004078407058985195 400 6.568144499178981
220 2.037273210800636e-05 0.004438652633358758 500 6.7934782608695645
230 0.00026843426347908676 0.014609244915401387 100 6.289308176100628
230 0.0001425746610511786 0.00565365506582402 200 6.8259385665529
230 0.00010045275385802422 0.004156822646625286 300 7.518796992481202
230 5.568785698009395e-05 0.004421389738718454 400 6.600660066006601
230 1.855872353861364e-05 0.004682246351150679 500 6.7842605156037985
240 0.0002504928659686726 0.015480199361937922 100 6.41025641025641
240 0.00015436899207606775 0.0065957847617713295 200 6.8728522336769755
240 0.0001026071372913479 0.0036543200865895784 300 7.334963325183373
240 6.658532578848456e-05 0.0031938422764219445 400 6.633499170812603
240 1.4274219569052546e-05 0.003886928291004711 500 6.7658998646820026
250 0.00023007246260587237 0.013024415247697518 100 6.4935064935064934
250 0.00013236479540253165 0.0046542712619973454 200 6.920415224913494
250 7.605331057668851e-05 0.0023331252261118802 300 5.964214711729622
250 5.6909230142314535e-05 0.0038272684626541715 400 6.666666666666667
250 2.1179811502820784e-05 0.003590458286577141 500 6.747638326585694
260 0.0002248131370809747 0.012043433618424122 100 6.578947368421052
260 0.00013076007163225476 0.00456058368583887 200 6.944444444444445
260 6.611427827063964e-05 0.0019564717284025175 300 5.928853754940711
260 5.140267158294303e-05 0.004031876773530587 400 6.700167504187604
260 1.8492036850713523e-05 0.0033863531623482632 500 6.693440428380187
270 0.00021061182798124832 0.014067434075723797 100 6.666666666666667
270 0.00014704899049477771 0.005435146866542653 200 6.968641114982578
270 7.907563348282337e-05 0.002766529762836374 300 5.9405940594059405
270 6.57314224608162e-05 0.0030975500589624453 400 6.722689075630252
270 1.8245741840465097e-05 0.0029878792067877876 500 6.510416666666666
280 0.00022150640376746795 0.014423064381538932 100 6.756756756756756
280 0.00014092631717189502 0.005839629687599106 200 7.017543859649122
280 9.059749828891158e-05 0.00334539826517445 300 5.9760956175298805
280 7.218706587529154e-05 0.0029008675641947856 400 6.756756756756756
280 2.482111588359829e-05 0.0026641501631237898 500 6.377551020408163
290 0.00021412919424499224 0.011770817234064129 100 6.84931506849315
290 0.00012728003650459976 0.004763956205277636 200 7.117437722419928
290 8.226511677749426e-05 0.0022636219533648852 300 6.024096385542168
290 6.197450876741314e-05 0.0035634070268272255 400 6.7911714770797955
290 2.0837854390974254e-05 0.0024921011234874998 500 6.32111251580278
300 0.00019707426619917264 0.011763329962128349 100 7.092198581560283
300 0.00012500856029319175 0.005257068773902288 200 7.246376811594202
300 8.995974389469846e-05 0.0028493011434263245 300 6.109979633401222
300 6.763718919449974e-05 0.0031453819269694648 400 6.837606837606837
310 0.0001892023174469257 0.011000587180605996 100 7.407407407407407
310 0.00013453271194302608 0.005272222121483119 200 7.462686567164179
310 8.622424072155058e-05 0.004034559104213053 300 6.198347107438016
310 7.022075444053377e-05 0.00443225171515852 400 6.908462867012089
320 0.0001364961638469943 0.00943005572401569 100 7.751937984496124
320 0.00011245197302570757 0.006032525313724815 200 7.6923076923076925
320 8.942756659206958e-05 0.0051370890822874035 300 6.315789473684211
320 7.137187213849817e-05 0.0031034395707126854 400 6.9930069930069925
330 0.0001245867802715886 0.006409549118531453 100 8.130081300813007
330 8.993527984645077e-05 0.005953088092797887 200 7.905138339920948
330 9.646766611026442e-05 0.0056848716935272705 300 6.41025641025641
330 6.630820450168043e-05 0.002579250643084973 400 7.054673721340388
340 0.00012697572862283206 0.004383534624702502 100 8.264462809917354
340 5.557368809904154e-05 0.006603089943670496 200 8.097165991902832
340 0.00010118521398682483 0.007969478526426628 300 6.507592190889371
340 6.625727607643599e-05 0.006165143223144939 400 7.079646017699115
350 0.00010964038251851254 0.0035544055329561545 100 8.130081300813007
350 4.2194629802403916e-05 0.004445738374467905 200 8.23045267489712
350 9.494275176075182e-05 0.007087794698923978 300 6.578947368421052
350 6.403965416831983e-05 0.006725639832817298 400 7.04225352112676
360 0.0001662579348041691 0.004271388855711539 100 7.751937984496124
360 4.34361838293366e-05 0.005463886205585299 200 8.333333333333334
360 0.00010340024619282549 0.0076267043020743774 300 6.62251655629139
360 6.20292105773552e-05 0.006848883097612595 400 6.9930069930069925
370 0.000185146346297662 0.004059709515760086 100 7.518796992481203
370 6.482641450430419e-05 0.0068347794010658654 200 8.368200836820083
370 0.00010080220290932639 0.0075502821916466015 300 6.651884700665188
370 5.806133039541645e-05 0.006490693606523454 400 6.968641114982578
380 0.00017452248837241207 0.003961323488996363 100 7.407407407407407
380 5.5825677269573514e-05 0.007595358865735404 200 8.333333333333334
380 0.00010537610928685587 0.008405459690725248 300 6.666666666666667
380 6.819559367436285e-05 0.006813990342447617 400 6.932409012131715
390 0.00021982545628221968 0.005439209473786625 100 7.352941176470588
390 6.083190162133088e-05 0.006638440525985806 200 8.19672131147541
390 0.00010681604847848077 0.007773334346162652 300 6.681514476614699
390 7.242691199248532e-05 0.005613652080393776 400 6.884681583476764
400 0.00016983420187386997 0.00626614506948884 100 7.2992700729927
400 8.443251864463258e-05 0.008763036319537865 200 5.747126436781609
400 0.00010139890476784227 0.007180868336794801 300 6.696428571428571
400 6.90037605217407e-05 0.004591450236077919 400 6.814310051107325
410 0.00016074001920304964 0.006490604751429469 100 7.246376811594202
410 0.00014406972428693032 0.009662093102405803 200 5.617977528089887
410 0.00010198773344371724 0.007742811168084484 300 6.711409395973154
410 5.460612523222554e-05 0.0045543657676330555 400 6.700167504187604
420 0.00017130748052254414 0.006837748828707932 100 7.194244604316546
420 0.0001411860983427643 0.009616615296537673 200 5.617977528089887
420 0.00010787885601815176 0.007481566628872271 300 6.726457399103139
420 4.6957885222699435e-05 0.003846579973175486 400 6.4
430 0.00016021647814824794 0.009831188177244788 100 7.246376811594202
430 0.00017571923004323388 0.011693322665793073 200 5.633802816901408
430 0.00011399140061804454 0.008954069082197369 300 6.726457399103139
430 5.3456771718695584e-05 0.004350226329682275 400 6.230529595015576
440 0.00015119045183092052 0.0114862663063175 100 7.352941176470588
440 0.000175602000590562 0.012111934040175566 200 5.698005698005698
440 0.0001123206332847654 0.008746899588700192 300 6.741573033707865
450 0.00014723156236905427 0.01174070680515543 100 7.575757575757575
450 0.0001759877083006496 0.011829639346147985 200 5.763688760806916
450 0.00010388055378437223 0.008889040237304486 300 6.741573033707865
460 0.00012764384807211927 0.012533495441145705 100 7.874015748031495
460 0.00016065943008808492 0.012415069267556629 200 5.865102639296188
460 9.115657453078725e-05 0.010950448052810932 300 6.726457399103139
470 5.066974276403328e-05 0.006090465687246158 100 8.19672131147541
470 0.00010071495600812314 0.0057937801444552465 200 5.9523809523809526
470 7.098512146214636e-05 0.006727372199212714 300 6.726457399103139
480 0.00010179668759412806 0.006669415314303513 100 8.620689655172413
480 6.824683783732702e-05 0.0022071698892582627 200 6.0606060606060606
480 7.483869619610858e-05 0.004930024835510494 300 6.741573033707865
490 0.00011753543636019026 0.009750934969989642 100 8.928571428571427
490 7.678727256511156e-05 0.00411060361917721 200 6.172839506172839
490 7.293586891018811e-05 0.0051719847711999035 300 6.756756756756756
500 0.00012388743788207488 0.009800560115720601 100 9.25925925925926
500 7.986088525598105e-05 0.004194235243372837 200 6.25
500 9.237983484561532e-05 0.005814502516865426 300 6.787330316742081
510 0.00010941066446312112 0.010550945961748086 100 9.433962264150942
510 8.672311914738987e-05 0.00497694887823668 200 6.309148264984227
510 9.72764495367026e-05 0.006911610999803084 300 6.787330316742081
520 0.0001203082862263899 0.011900133972116346 100 9.345794392523363
520 9.253241406250939e-05 0.004945114335085064 200 6.349206349206349
520 0.00010087023618230507 0.006565265675642729 300 6.741573033707865
530 0.00012280340948584386 0.009400906978406951 100 8.19672131147541
530 9.255019878124442e-05 0.004951199171554142 200 6.369426751592356
530 0.00011762783472285886 0.007580725542328645 300 6.681514476614699
540 0.00012699977646940137 0.005485099895933595 100 4.608294930875576
540 0.00010408601086310191 0.006257801557871805 200 6.41025641025641
540 0.00010571807692271118 0.007370018192264517 300 6.593406593406593
550 0.00021220374385690484 0.006425835433798828 100 4.5662100456621
550 0.0001138066134540907 0.009537359403508578 200 6.451612903225806
550 0.00010035836047030956 0.008746098499680915 300 6.41025641025641
560 0.00024813109785657876 0.008786717325869761 100 4.5662100456621
560 0.00013222585168220304 0.012546653503977151 200 6.472491909385113
560 0.00010337399251171004 0.010282732212408585 300 6.072874493927125
570 0.0002505553964339327 0.009514789365424334 100 4.587155963302752
570 0.00011946693999927408 0.010409182048012711 200 6.472491909385113
570 8.318058697124773e-05 0.008967707680292487 300 5.870841487279844
580 0.00024450189553570337 0.010382761532198796 100 4.62962962962963
580 0.0001188356847825387 0.0096774286902175 200 6.349206349206349
590 0.00022075663614589406 0.010896013843639397 100 4.651162790697675
590 0.00011548582738696227 0.009707796158163815 200 6.153846153846154
600 0.00023984382648421513 0.01167467174583721 100 4.672897196261681
600 0.00012322947738977139 0.010035211161642944 200 5.9880239520958085
610 0.0002773000171295677 0.01618582017699517 100 4.694835680751174
610 0.00016038969210898784 0.01409901712002124 200 5.9347181008902075
620 0.0002524626031733274 0.014834118428759854 100 4.739336492890995
620 0.00016291975114054536 0.011594921656078476 200 5.899705014749263
630 0.00026948283188379745 0.01721693124133957 100 4.8076923076923075
630 0.00016467341233906307 0.01229517630351301 200 5.899705014749263
640 0.00028654051012703177 0.017967586920691034 100 4.95049504950495
640 0.0001770356549303437 0.012324664081534311 200 5.9523809523809526
650 0.000285249107046811 0.016541474354084856 100 5.154639175257731
650 0.00016739592791197082 0.010672379732236338 200 6.079027355623101
660 0.0002540490327378125 0.015965934724037453 100 5.405405405405405
660 0.00017071543246117274 0.010207087647207425 200 6.230529595015576
670 0.0002606078585180138 0.015689551796516703 100 5.714285714285714
670 0.00017028776364777176 0.009823445293109882 200 6.430868167202572
680 0.00025796887610688406 0.015898411539886737 100 6.0606060606060606
680 0.00017313214702375138 0.010177243403683964 200 6.644518272425249
690 0.0002569757395076732 0.015294518944763554 100 6.451612903225806
690 0.00017271033346173256 0.009862521691304483 200 6.8728522336769755
700 0.0002575986625545507 0.014929830618167161 100 6.896551724137931
700 0.0001723481671814131 0.009653641174409186 200 7.117437722419928
710 0.0002571323368998444 0.014670362417958674 100 7.407407407407407
710 0.00017216090722393086 0.009516667176897345 200 7.380073800738007
720 0.0002564696509727155 0.013041616447682902 100 8.0
720 0.00017233253398103054 0.008612312918513615 200 7.633587786259541
730 0.0002412573314137954 0.012106791583861463 100 8.695652173913043
730 0.00017185071443904062 0.008552230238282662 200 7.936507936507936
740 0.0001940364918486284 0.011253550223095023 100 9.345794392523363
740 0.00015371606258328903 0.009135897934012984 200 8.16326530612245
750 0.0001330283090669973 0.009649384950595018 100 10.1010101010101
750 0.00016465023200501922 0.010098933564804234 200 8.333333333333334
760 0.00010557157560035798 0.006977021389432254 100 10.526315789473685
760 0.00015025205270818132 0.011582562371819366 200 8.333333333333334
770 9.55339726531739e-05 0.0061494285958793105 100 10.869565217391303
770 0.0001437191134208991 0.011344586633158292 200 7.8431372549019605
780 7.849092785128886e-05 0.005281157685639859 100 10.869565217391303
780 0.00013414064597596498 0.012236457081018176 200 7.092198581560283
790 4.298466904782574e-05 0.0022544147904666025 100 10.526315789473685
800 9.994778205081954e-05 0.0045547685325959646 100 9.433962264150942
810 0.00019915688842307578 0.008002112325786214 100 8.403361344537815
820 0.00024782555557604363 0.009714860735053147 100 8.0
830 0.0002919903084742099 0.012323554318878369 100 7.6923076923076925
840 0.00033042311629103165 0.015370504184860906 100 7.352941176470588
850 0.0003475623052026176 0.016589359487164945 100 6.9930069930069925
860 0.0002938864578664387 0.017131966156882353 100 6.134969325153374
870 0.0002712908516799301 0.020648668998847798 100 5.208333333333332
880 0.00027594277689342746 0.02280312034860445 100 4.8309178743961345
