0 0.00037084139577857437 0.03097802299984946 100 7.633587786259541
0 0.0001552864949244585 0.029189393062892876 200 7.782101167315174
0 0.0001044484645627306 0.02673563864457039 300 7.772020725388601
0 8.473014940834814e-05 0.028034272190508528 400 8.146639511201629
0 9.02590920764607e-05 0.03012788803011509 500 8.051529790660226
0 9.058834456204997e-05 0.031038698002432672 600 7.957559681697612
0 8.542423244556922e-05 0.033101654262657924 700 8.505467800729038
0 9.897688289426433e-05 0.027940372904402974 800 8.528784648187631
10 0.0003727920093122742 0.030820082166615793 100 8.130081300813007
10 0.00013756973913179167 0.02825519605861672 200 8.0
10 9.625493964223684e-05 0.025163559642769697 300 7.936507936507936
10 7.35258735059415e-05 0.025954379862147395 400 8.281573498964802
10 8.631111416698986e-05 0.027769358424228393 500 8.064516129032258
10 8.607472517854756e-05 0.028747145931403945 600 8.042895442359248
10 7.989823324746099e-05 0.03091745387800629 700 8.5995085995086
10 9.911489564764867e-05 0.026036085745947183 800 8.592910848549945
20 0.00025028196293383606 0.021875558208553785 100 8.547008547008547
20 7.09420438812926e-05 0.01921699096606601 200 8.16326530612245
20 5.801406548718748e-05 0.015231815852431566 300 8.064516129032258
20 4.310641841358063e-05 0.01592413236320626 400 8.403361344537815
20 6.392255399581071e-05 0.017302611367934477 500 7.974481658692184
20 6.786989364247732e-05 0.018756959154229327 600 8.130081300813009
20 6.671064399560206e-05 0.02133301358383943 700 8.674101610904584
20 8.816411584900466e-05 0.01786546178390184 800 8.658008658008658
30 0.00018215636115942943 0.016541389790714362 100 8.928571428571427
30 3.632758288243767e-05 0.013528608942348124 200 8.23045267489712
30 3.2955361221449784e-05 0.008924284105862577 300 8.152173913043477
30 3.1396449773594774e-05 0.009919282893880853 400 8.47457627118644
30 4.2222522389346254e-05 0.010997138967225283 500 7.898894154818325
30 5.6075729242055855e-05 0.012887518476787959 600 8.19672131147541
30 5.827958255104177e-05 0.015561549764269012 700 8.75
30 8.426518384026646e-05 0.012751801913887483 800 8.686210640608033
40 0.00012586850611380474 0.01347159544186158 100 9.009009009009008
40 4.066813167589291e-05 0.010802311244755218 200 8.23045267489712
40 3.282867004484881e-05 0.006378362275126299 300 8.174386920980925
40 3.7097306279679164e-05 0.007848623648608347 400 8.528784648187631
40 2.9479075362801357e-05 0.009642117769282352 500 7.861635220125786
40 5.348917611741023e-05 0.011469014780812798 600 8.241758241758243
40 5.795567837410158e-05 0.014025917516145969 700 8.79396984924623
40 7.544561701335045e-05 0.011289895498883184 800 8.629989212513484
50 6.798796660724475e-05 0.007672823157823767 100 9.090909090909092
50 4.500351689055469e-05 0.005595093908091022 200 8.19672131147541
50 4.122041276939565e-05 0.00345660573348173 300 8.19672131147541
50 5.0416074250173365e-05 0.004771747565831564 400 8.547008547008547
50 2.1400459254222005e-05 0.007156405146153451 500 7.861635220125786
50 4.721062535451002e-05 0.008286732348199818 600 8.287292817679557
50 4.797464728537796e-05 0.010205634786806318 700 8.816120906801007
50 6.244797015747408e-05 0.008047438102621943 800 8.333333333333334
60 7.396374361146838e-05 0.0031841045927200624 100 9.174311926605505
60 6.198498065428542e-05 0.0027716149285723275 200 8.16326530612245
60 5.8035748885409064e-05 0.0034778306865507745 300 8.219178082191782
60 4.6040200748697376e-05 0.0038708285147503866 400 8.547008547008547
60 2.2528066264098828e-05 0.006382382307824805 500 7.861635220125786
60 4.392219195322228e-05 0.006915427480595237 600 8.333333333333334
60 5.0909111093090236e-05 0.008220079048264871 700 8.80503144654088
60 6.067434743543916e-05 0.006520813973044629 800 8.281573498964802
70 7.634299847507729e-05 0.003455903576001963 100 9.174311926605505
70 7.395813805968947e-05 0.005299959541087489 200 8.16326530612245
70 6.73848339353749e-05 0.006470919304282929 300 8.264462809917354
70 4.571786171157575e-05 0.005424372825391961 400 8.528784648187631
70 2.5674000362380416e-05 0.007860390784316116 500 7.886435331230283
70 4.054268434829767e-05 0.007405112198676039 600 8.391608391608392
70 5.632605466919756e-05 0.0072249610385321855 700 8.73907615480649
70 5.854026784150794e-05 0.007067126450093256 800 8.281573498964802
80 5.5701939704369014e-05 0.004521269830076284 100 9.174311926605505
80 9.699917688865573e-05 0.007028745323412739 200 8.130081300813007
80 7.522060268374083e-05 0.008117235255164064 300 8.287292817679557
80 3.5690407518830576e-05 0.006710914676854669 400 8.492569002123142
80 2.7352244510438597e-05 0.00889821667868653 500 7.911392405063291
80 4.075887205931274e-05 0.008417919014950174 600 8.438818565400842
80 5.91753528073543e-05 0.007576248763789187 700 8.695652173913043
80 5.7327004185125216e-05 0.007778112935261792 800 8.290155440414507
90 0.00010632970087685378 0.007759975839963478 100 8.928571428571427
90 8.789659961616583e-05 0.008048517614304718 200 8.032128514056224
90 7.835179203946756e-05 0.008675420208718627 300 8.264462809917354
90 2.8569962359365893e-05 0.007269002494043676 400 8.438818565400842
90 2.9625919465104655e-05 0.009257868132925104 500 7.923930269413629
90 4.079202404897464e-05 0.008967260344741818 600 8.474576271186441
90 6.515913538581298e-05 0.008163336213713738 700 8.663366336633661
90 5.695009511169825e-05 0.008257445728527529 800 8.281573498964802
100 9.943969039080643e-05 0.009395945124847324 100 8.695652173913043
100 8.635737599102645e-05 0.009838762520739976 200 7.936507936507936
100 6.285582737412821e-05 0.009802885347432505 300 8.264462809917354
100 3.4023322354656724e-05 0.008386849025760111 400 8.368200836820083
100 3.683617400681126e-05 0.010142100066563199 500 7.936507936507937
100 4.387890092215087e-05 0.009879484227661396 600 8.522727272727272
100 6.131967984184517e-05 0.008939493225101276 700 8.641975308641975
100 5.621661727089439e-05 0.00915867147079814 800 8.273009307135471
110 0.00013424505995071373 0.011032888871149085 100 8.403361344537815
110 0.00010268566352199169 0.010179990537644241 200 7.874015748031495
110 6.770175653971347e-05 0.00954106155981084 300 8.264462809917354
110 3.8222233716499924e-05 0.008244356933187355 400 8.316008316008316
110 4.7412709367405513e-05 0.010506852589885209 500 7.949125596184419
110 4.810604752378633e-05 0.010735045633691986 600 8.559201141226819
110 7.550438637521644e-05 0.009912012037621272 700 8.641975308641975
110 5.7102784628556575e-05 0.009431070282122863 800 8.273009307135471
120 0.0001354591186565537 0.010515295613495113 100 8.064516129032258
120 8.969844838869994e-05 0.010528228632656051 200 7.8431372549019605
120 6.204635836824489e-05 0.008634253742220623 300 8.264462809917354
120 3.013805990040117e-05 0.006799955892087907 400 8.264462809917354
120 3.99040129179911e-05 0.008556976016416813 500 7.974481658692184
120 4.392977482658089e-05 0.008103507584330958 600 8.60832137733142
120 6.663249128988549e-05 0.007565479327752346 700 8.641975308641975
120 5.68058032109276e-05 0.008301640508227202 800 8.273009307135471
130 0.00013434165559584013 0.008060371274135416 100 7.8125
130 5.913418118230183e-05 0.009645853955616793 200 7.782101167315174
130 6.437969338925219e-05 0.007589021819996023 300 8.287292817679557
130 3.869761712152212e-05 0.005924853245876206 400 8.113590263691682
130 3.822670096119794e-05 0.007662171619392739 500 8.0
130 4.610897042793079e-05 0.007292038863228389 600 8.658008658008658
130 6.924259115993262e-05 0.0070074412637291875 700 8.652657601977749
130 5.388712355466762e-05 0.007927587692287581 800 8.255933952528379
140 0.00014323651732566024 0.009401560535737409 100 7.575757575757575
140 7.57840670837332e-05 0.009976199793582073 200 7.782101167315174
140 6.458379244037585e-05 0.007556957790298003 300 8.310249307479223
140 2.8686332807595613e-05 0.007911379923650468 400 7.677543186180422
140 4.2625699472925015e-05 0.008240342323007025 500 8.038585209003216
140 4.909936339295715e-05 0.008208632388926137 600 8.695652173913043
140 6.936063816526025e-05 0.007699553882615154 700 8.641975308641975
150 0.00011577193364494975 0.009129569563190774 100 7.462686567164179
150 6.12649767740646e-05 0.010608266920588633 200 7.751937984496124
150 7.019439334770647e-05 0.007829995750109639 300 8.333333333333334
150 1.8732427767427996e-05 0.008660687975827745 400 7.604562737642586
150 4.308465572635801e-05 0.007751833105171485 500 8.090614886731391
150 4.8074341586044986e-05 0.007709269485813223 600 8.73362445414847
150 6.927933946083674e-05 0.0074578568569498484 700 8.536585365853659
160 0.00011018048392006403 0.008974874185523993 100 7.352941176470588
160 8.446190664911736e-05 0.011089777570640526 200 7.782101167315174
160 7.481736318273691e-05 0.007768840212985298 300 8.356545961002785
160 1.9400965883029734e-05 0.008864777975525371 400 7.575757575757575
160 4.597115546641194e-05 0.0077570255368712105 500 8.130081300813009
160 4.8325879487618626e-05 0.007741363561689957 600 8.75912408759124
160 6.685151342517908e-05 0.007457630785684207 700 8.2063305978898
170 8.978586329806728e-05 0.00864900565623307 100 7.2992700729927
170 7.235682597483639e-05 0.00959152360984648 200 7.8125
170 4.892693480592743e-05 0.007745187785468039 300 8.333333333333334
170 1.229635360861501e-05 0.008768381505313698 400 7.575757575757575
170 4.3751071565116316e-05 0.007280091417272184 500 8.183306055646481
170 5.559753950759203e-05 0.00682623983676177 600 8.708272859216255
170 6.801975124640382e-05 0.0074424042434308255 700 8.158508158508157
180 0.00011195744912778487 0.011562369663391 100 7.246376811594202
180 8.709760417541723e-05 0.011427928783138808 200 7.8431372549019605
180 4.15995722457229e-05 0.008570222819248463 300 8.287292817679557
180 1.532270348366303e-05 0.009591637166898955 400 7.604562737642586
180 4.059323442996682e-05 0.007497717738198584 500 8.237232289950576
180 6.411757366046585e-05 0.0055637868263536255 600 8.633093525179856
180 6.732761732900753e-05 0.007668062157811526 700 8.149010477299184
190 9.31726338758817e-05 0.01058203673967095 100 7.194244604316546
190 9.489084845143897e-05 0.00959342738052362 200 7.874015748031495
190 4.139554932461402e-05 0.006655961714907302 300 8.264462809917354
190 2.9494445921644766e-05 0.008582976858789355 400 7.633587786259541
190 4.920647763886255e-05 0.007773016783699461 500 8.305647840531561
190 7.848319807541383e-05 0.007192758614176824 600 8.595988538681949
190 6.705734009567638e-05 0.007780866940254133 700 8.158508158508157
200 0.00015232115568593075 0.009721407485805744 100 7.194244604316546
200 0.00010663262126010095 0.007059650485759377 200 7.905138339920948
200 3.151853481065137e-05 0.003858600337411416 300 8.264462809917354
200 3.1852522266590034e-05 0.004949071109493651 400 7.677543186180422
200 4.507405020746536e-05 0.00392301842520145 500 8.375209380234505
200 8.111100178733233e-05 0.003984207378280077 600 8.595988538681949
200 6.842984724969468e-05 0.005687314349364755 700 8.177570093457943
210 9.205120804807663e-05 0.011497484075889092 100 7.246376811594202
210 7.822160020667127e-05 0.00821859363283898 200 7.96812749003984
210 2.2679404414097907e-05 0.00530834070992038 300 8.241758241758243
210 3.490244886080653e-05 0.0051141461108262076 400 7.722007722007722
210 4.555342971258393e-05 0.003927108039263716 500 8.445945945945946
210 9.241394399316792e-05 0.004370471818618258 600 8.60832137733142
210 7.436300670315011e-05 0.00643445888782713 700 8.19672131147541
220 0.0001505332602029572 0.012651536782286381 100 7.2992700729927
220 8.720859481786122e-05 0.0070561620996179904 200 8.064516129032258
220 2.8710165778041452e-05 0.003532047810406911 300 8.241758241758243
220 4.76786025810291e-05 0.004017336844947529 400 7.766990291262136
220 4.9018845675911274e-05 0.0035336943098998774 500 8.517887563884157
220 7.562964532109612e-05 0.003994579835223413 600 8.633093525179856
220 6.865537776855788e-05 0.0062644571268844675 700 8.225616921269093
230 9.491112270850552e-05 0.01152129196087464 100 7.352941176470588
230 4.358398717918972e-05 0.005127273484347903 200 8.16326530612245
230 4.715902736667371e-05 0.0026660149750382762 300 8.264462809917354
230 5.3125614383253606e-05 0.002826803639552293 400 7.8277886497064575
230 5.4081760249676824e-05 0.004591221270380793 500 8.59106529209622
230 0.00010163464399744998 0.005373791850524706 600 8.670520231213873
230 7.894490199137365e-05 0.00614955556327655 700 8.244994110718492
240 8.218765832937652e-05 0.010219448993311892 100 7.462686567164179
240 5.745911244799018e-05 0.003348091175466775 200 8.29875518672199
240 3.795201823327124e-05 0.002600735195147652 300 8.287292817679557
240 5.893937923460627e-05 0.0036266837556169313 400 7.905138339920948
240 5.5709813319538696e-05 0.005547733826908841 500 8.680555555555555
240 9.453003986666183e-05 0.005345778484235961 600 8.720930232558139
240 7.384868304376181e-05 0.005885979323164489 700 8.274231678486997
250 3.5975611151793934e-05 0.00972636420707394 100 7.633587786259541
250 2.2675969024681083e-05 0.0030797966011648185 200 8.438818565400842
250 5.4285578828573586e-05 0.002561727228189457 300 8.287292817679557
250 6.003391416433007e-05 0.004465661558952629 400 7.984031936127744
250 6.14465428768896e-05 0.0072312013515117065 500 8.771929824561404
250 0.00010265900658194382 0.007021234918100126 600 8.771929824561402
250 7.957806101012645e-05 0.006978815850730506 700 8.30367734282325
260 2.1565658181772136e-05 0.009812512115675902 100 7.751937984496124
260 4.689311566636601e-05 0.003800276364851503 200 8.547008547008547
260 5.85979196979648e-05 0.0040370680400711005 300 8.02139037433155
260 6.367682105206263e-05 0.005291133940573094 400 8.064516129032258
260 6.28122096891165e-05 0.008016151552103038 500 8.849557522123893
260 0.00010370977859067545 0.006729570514093369 600 8.810572687224669
270 2.5175140520307442e-05 0.01011801645930886 100 7.874015748031495
270 3.954843484026765e-05 0.002860434978686205 200 8.658008658008658
270 4.957852033565161e-05 0.0030271191114632115 300 7.6923076923076925
270 6.376508076393391e-05 0.005802735709393338 400 8.130081300813007
270 6.507348930979103e-05 0.008942759605373538 500 8.928571428571429
270 0.00010260611175035475 0.007211321928129134 600 8.823529411764707
280 4.948711966120933e-05 0.0115983607521691 100 7.936507936507936
280 5.094980415401e-05 0.003964129097190902 200 8.771929824561402
280 3.2066658952022865e-05 0.003201695331574232 300 7.614213197969542
280 6.189390288099527e-05 0.004601709989255018 400 8.213552361396303
280 6.426356152744316e-05 0.007720347291279832 500 9.00900900900901
280 0.00010134828568998864 0.006429297739266944 600 8.784773060029282
290 3.593507668678313e-05 0.010940016338673964 100 8.064516129032258
290 5.594934100605627e-05 0.003023082774936879 200 8.849557522123893
290 3.750913954978614e-05 0.003705532548089773 300 7.614213197969542
290 6.68037492113536e-05 0.005843537881457882 400 8.281573498964802
290 6.559424040543091e-05 0.00918406029234156 500 9.057971014492754
290 9.3848068295829e-05 0.006618364570319752 600 8.403361344537814
300 4.6980227719539013e-05 0.007301401414798862 100 8.19672131147541
300 4.1110132105386896e-05 0.002912223233949242 200 8.928571428571427
300 3.3088026967371186e-05 0.004561918900478116 300 7.633587786259541
300 6.659322332826097e-05 0.0060262821212526485 400 8.368200836820083
300 6.646610420653111e-05 0.009455511108216949 500 9.074410163339383
300 9.672529460631846e-05 0.0065408695770568705 600 8.321775312066574
310 4.539814447862666e-05 0.0055786823977114165 100 8.333333333333334
310 2.2159098965102036e-05 0.0035789824593415896 200 8.88888888888889
310 3.478597579988238e-05 0.004620696201813477 300 7.672634271099744
310 6.864834114161395e-05 0.006179261063394544 400 8.456659619450317
310 8.836007351800454e-05 0.009963085333225161 500 9.00900900900901
310 9.834142933243745e-05 0.006362448748930991 600 8.310249307479223
320 7.536924084573026e-05 0.003987743572255284 100 8.47457627118644
320 6.6386131799204e-05 0.0030270292792910136 200 8.849557522123893
320 4.0504674374725174e-05 0.005287377519763385 300 7.731958762886597
320 6.933199872742526e-05 0.00717780537048878 400 8.547008547008547
320 9.761921755426604e-05 0.010738015964472663 500 8.944543828264758
320 9.424305707677501e-05 0.0063875763120290596 600 8.321775312066574
330 0.00010170948619023415 0.004369533930829104 100 8.620689655172413
330 3.7890581985143744e-05 0.003337474692615757 200 8.849557522123893
330 4.508040673715695e-05 0.005460494350714716 300 7.772020725388601
330 6.854526617146562e-05 0.007777929461679518 400 8.620689655172413
330 0.00011849899327776961 0.01027836536353252 500 8.9126559714795
330 9.711470212996927e-05 0.006796339870030271 600 8.333333333333334
340 7.628523031305677e-05 0.004839187137669464 100 8.695652173913043
340 3.901970940692299e-05 0.00418820184428596 200 8.849557522123893
340 5.949145775639158e-05 0.006527203547477589 300 7.832898172323759
340 7.343685344026582e-05 0.009121837846096605 400 8.714596949891066
340 0.00011943576301742876 0.010436628659691275 500 8.9126559714795
340 9.812310058692453e-05 0.007275882386401076 600 8.356545961002785
350 3.5917043099193426e-05 0.005788307018117227 100 8.849557522123893
350 7.367285794267637e-05 0.005183646930823865 200 8.771929824561402
350 7.391185416870037e-05 0.0069881920370905804 300 7.894736842105263
350 7.53505787780101e-05 0.009649705796617128 400 8.810572687224669
350 0.00011776662023460078 0.010257735016616767 500 8.928571428571429
350 0.00010058417807739117 0.007553137998631244 600 8.368200836820083
360 2.5961087709024032e-05 0.007106722519460934 100 8.928571428571427
360 8.273701575426105e-05 0.006888039399131205 200 8.771929824561402
360 8.556503826090273e-05 0.00784512791742703 300 7.936507936507936
360 7.783341937456705e-05 0.010902960974359745 400 8.88888888888889
360 0.00012867095823204384 0.010817698018492401 500 8.960573476702509
360 0.0001029869711973029 0.008185236960356827 600 8.391608391608392
370 2.8321032591487142e-05 0.00804276535370662 100 9.090909090909092
370 8.005498081177757e-05 0.008361900505757539 200 8.73362445414847
370 8.857819502582174e-05 0.009354009853975115 300 8.0
370 8.159715074335268e-05 0.012263194057626534 400 8.98876404494382
370 0.0001238496819763362 0.01109962496498504 500 8.976660682226212
370 0.0001007771654359838 0.00863616737031108 600 8.403361344537814
380 3.57537311879047e-05 0.007643795141356365 100 9.25925925925926
380 8.36093987100754e-05 0.008281170187126109 200 8.620689655172413
380 7.989488019994353e-05 0.008335098663633972 300 8.086253369272237
380 7.681225609960266e-05 0.010861957061409777 400 9.070294784580499
380 0.0001243780335874044 0.009152225786335722 500 9.00900900900901
380 9.690718659741325e-05 0.00800340436596223 600 8.41514726507714
390 5.856465731043774e-05 0.007949363207158602 100 9.433962264150942
390 8.69455465061048e-05 0.007547532861494472 200 7.8431372549019605
390 8.155882389402472e-05 0.008928411861969235 300 8.152173913043477
390 7.49443988274551e-05 0.011326680474423137 400 9.174311926605505
390 0.0001236933792423199 0.008920119171209004 500 9.025270758122742
400 0.00010236618378183532 0.009456655469727036 100 9.615384615384615
400 6.248159930378614e-05 0.007887099623154205 200 7.462686567164179
400 8.327847638356419e-05 0.0097289109915975 300 8.241758241758243
400 7.78646895754092e-05 0.012328206585199973 400 9.237875288683602
400 0.00012633676401577776 0.008821031890041136 500 9.00900900900901
410 0.00011871854690436938 0.011081098557714584 100 9.70873786407767
410 6.297417396421862e-05 0.010041137787771676 200 7.380073800738007
410 8.635032770208389e-05 0.011468998234845915 300 8.310249307479223
410 8.081139327916262e-05 0.013904583801645411 400 9.30232558139535
410 0.00011557817944135302 0.008638979013007331 500 8.650519031141869
420 7.589472010366165e-05 0.00921621437727245 100 9.615384615384615
420 7.298430715394142e-05 0.010202900595989068 200 7.352941176470588
420 9.828630638912204e-05 0.012380553135727175 300 8.379888268156424
420 8.925416556090537e-05 0.01606747623451703 400 9.280742459396752
420 0.00012426376254512874 0.009591839890142647 500 8.319467554076539
430 7.526089768596713e-05 0.008441794340060085 100 9.345794392523363
430 7.583388707067511e-05 0.009381892340493737 200 7.352941176470588
430 0.00010131180676651569 0.012611159009512929 300 8.474576271186441
430 0.00012193600818223243 0.017374402382867776 400 9.1324200913242
430 0.00012393799378049655 0.010030422940803488 500 8.278145695364238
440 0.00011477291648442336 0.009670328111095897 100 9.090909090909092
440 8.902717013585185e-05 0.010648453657364916 200 7.380073800738007
440 0.00010870941502360731 0.014451712312767559 300 8.547008547008547
440 0.00014768758736130182 0.018501872772490466 400 9.009009009009008
440 0.0001298867092014345 0.010754072266023295 500 8.264462809917354
450 0.0001511807115041717 0.010958884822931192 100 8.928571428571427
450 0.00012004426673399697 0.012727219416384949 200 7.407407407407407
450 0.00012264418819507176 0.017816162498713695 300 8.645533141210374
450 0.00017130115964115772 0.02023711422550466 400 8.94854586129754
450 0.00013825804366391373 0.012916547396151395 500 8.264462809917354
460 0.00020070502748423705 0.010408680113830195 100 8.695652173913043
460 0.0001371840167320458 0.012017902114551123 200 7.434944237918215
460 0.00011757675116076327 0.01680097451479851 300 8.746355685131194
460 0.00016785527059577188 0.0177805653444541 400 8.928571428571427
460 0.00013447708812932971 0.012388029747033139 500 8.264462809917354
470 0.00017507634123740585 0.009724847182363761 100 8.47457627118644
470 0.00013474157447893034 0.01052100630874709 200 7.462686567164179
470 0.00010858684775793196 0.015109744710823797 300 8.823529411764707
470 0.00016326469767565015 0.015027040781354502 400 8.928571428571427
470 0.00012593843563923402 0.011486635714360273 500 8.264462809917354
480 0.00016639228479898937 0.00949184466238146 100 8.19672131147541
480 0.00013058541308739283 0.01041759006636092 200 7.518796992481203
480 0.00010757594219839126 0.014498522516769773 300 8.928571428571429
480 0.0001624471447072614 0.013506305646709751 400 8.928571428571427
480 0.00012207194044247456 0.011277823006471495 500 8.25082508250825
490 0.00022489456667865352 0.010143198790231426 100 7.575757575757575
490 0.00013591031853993517 0.011189002193735378 200 7.575757575757575
490 0.00011083560145938446 0.015665555612942954 300 9.009009009009008
490 0.0001665655405457525 0.013858017784025744 400 8.908685968819597
490 0.00011823128480868965 0.012258495537511273 500 8.223684210526315
500 0.00016490547489485325 0.009516471680657685 100 6.172839506172839
500 0.00013941566044125365 0.012532495525323498 200 7.633587786259541
500 0.00011537475127003117 0.017063531570190707 300 9.090909090909092
500 0.00016904722635999712 0.013912115261639586 400 8.869179600886918
510 0.00017688234970370347 0.012885993448455091 100 5.917159763313609
510 0.00015923462269824173 0.014756015084761258 200 7.6923076923076925
510 0.00012769880611391665 0.01994195138893707 300 9.146341463414632
510 0.0001700864678296846 0.015223276078680832 400 8.547008547008547
520 0.00016526548160075157 0.014106305935033894 100 5.882352941176471
520 0.0001551088757463484 0.015101945290729177 200 7.8125
520 0.00012245464257946927 0.019912370555984334 300 9.146341463414632
520 0.00016489911720040892 0.013803301166999944 400 8.048289738430583
530 0.00013628216037555463 0.01304478389645492 100 5.9523809523809526
530 0.00014687911221784636 0.014022088925174616 200 7.96812749003984
530 0.00013948311736385454 0.019162251755158437 300 9.090909090909092
530 0.00014976586669333104 0.012649560891169885 400 8.016032064128256
540 9.908222173173697e-05 0.01326982039486252 100 6.0606060606060606
540 0.00013623424438219463 0.012474143659529608 200 8.130081300813007
540 0.00016215030752041767 0.017093812733554554 300 8.982035928143713
540 0.00015095229923165165 0.011550128351143234 400 8.032128514056224
550 5.869602092865251e-05 0.014651603476926789 100 6.134969325153374
550 0.00010903890180507955 0.011215018917391566 200 8.29875518672199
550 0.00017222997254019677 0.01273386025014865 300 8.928571428571429
550 0.00014007729767672727 0.010358732930522845 400 8.064516129032258
560 9.069312926810453e-05 0.014693826243050425 100 6.25
560 0.00011234014846627474 0.012416100721386604 200 8.438818565400842
560 0.00019024934546228524 0.012867519826219346 300 8.928571428571429
560 0.00014011891672543604 0.010980219583840845 400 8.080808080808081
570 0.00013031516420641354 0.011295977382382492 100 6.41025641025641
570 0.0001100711229522275 0.008699158125902398 200 8.658008658008658
570 0.00018706141598805827 0.009087392536487474 300 8.955223880597014
570 0.00012668911492281696 0.00968820170649226 400 8.130081300813007
580 8.177335072720268e-05 0.01617716677421537 100 6.5359477124183005
580 8.187380314217927e-05 0.010933141081897522 200 8.849557522123893
580 0.0001814661923569898 0.008454289746340281 300 9.009009009009008
580 0.00012236675912358151 0.010653591746184124 400 8.16326530612245
590 8.736815374537844e-05 0.01724744528925097 100 6.666666666666667
590 7.868891780795927e-05 0.011432705487847201 200 9.049773755656108
590 0.00017905975420970144 0.009072780777629895 300 9.06344410876133
590 0.00011663080684340216 0.010993171207008746 400 8.19672131147541
600 0.00012472058998445608 0.013275170186534962 100 6.84931506849315
600 8.881813049627405e-05 0.008359050557150813 200 9.25925925925926
600 0.00017226348728072936 0.008380748236647466 300 9.146341463414632
600 0.00011750770352364314 0.01130445628482657 400 8.23045267489712
610 0.00010405441783539465 0.011645230369486028 100 7.092198581560283
610 7.61709683214676e-05 0.004609849249871552 200 9.523809523809524
610 0.00017281881097747095 0.006788715006528324 300 9.25925925925926
610 0.00011359986342328329 0.01163875923245454 400 8.281573498964802
620 0.00010354193100806016 0.01176995128550474 100 7.462686567164179
620 7.678447650563766e-05 0.004490166398592318 200 9.852216748768473
620 0.0001638821211649751 0.007012806683396412 300 9.404388714733543
620 0.00010151949308604789 0.011670709603101001 400 8.368200836820083
630 8.669715619300387e-05 0.011875985938341126 100 7.936507936507936
630 6.957550997644756e-05 0.004451566173902455 200 10.256410256410257
630 0.00017186800909222715 0.007153595558132611 300 9.646302250803858
630 0.00011788017855987525 0.01173130178708068 400 8.492569002123142
640 7.793140217661213e-05 0.011551443451633366 100 8.547008547008547
640 6.519120970042018e-05 0.0051156820736436995 200 10.75268817204301
640 0.00016538591602460352 0.00748706907273307 300 9.900990099009901
650 9.861845035960945e-05 0.011117063053792958 100 9.174311926605505
650 8.792534229645748e-05 0.007727601555547292 200 11.235955056179774
650 0.00017203445869991732 0.008814992830905666 300 10.135135135135135
660 0.00012497203181018713 0.010431200847425154 100 9.80392156862745
660 0.00010410841602625605 0.009921072768953244 200 11.764705882352942
660 0.0001677298276789083 0.009711826944076503 300 10.344827586206897
670 0.00016349211192982893 0.009185209717939504 100 10.416666666666664
670 0.00011693750408563094 0.012082402274036137 200 12.19512195121951
670 0.00018204014728896245 0.010432957605951487 300 10.380622837370241
680 0.00017283325872539625 0.008761817175988023 100 10.989010989010989
680 0.0001251448796641817 0.012390855602902935 200 12.5
680 0.0001621305185794352 0.010420140154385518 300 9.67741935483871
690 0.00017661290063060664 0.008089682776524793 100 11.494252873563218
690 0.00012348188679559843 0.012183572372119261 200 12.578616352201257
690 0.00016694672056245612 0.010165925423796554 300 9.090909090909092
700 0.00018191809295286629 0.009762431298716859 100 11.904761904761905
700 0.00018267729848311568 0.014664047899323756 200 12.048192771084336
700 0.00016963536595891214 0.011268891049913646 300 9.009009009009008
710 0.00016638817862229304 0.009082801334849934 100 12.345679012345679
710 0.00022042377683375084 0.01379287665402389 200 11.494252873563218
710 0.00017172485127490324 0.011513936782523966 300 8.955223880597014
720 0.00013457943478202875 0.007957241028663086 100 12.82051282051282
720 0.00024380707027726894 0.011580713526982539 200 11.235955056179774
720 0.00016389926856048124 0.012446760914502515 300 8.90207715133531
730 8.473075668515184e-05 0.005226392221332369 100 13.333333333333334
730 0.00022728632517582013 0.008174942194772808 200 11.049723756906076
730 0.00014980957523182207 0.01220436043693306 300 8.875739644970412
740 7.500203811615701e-05 0.004254916306712196 100 13.6986301369863
740 0.0002471926225447592 0.008678658427607561 200 10.92896174863388
740 0.0001544718851714938 0.012980535579159524 300 8.823529411764707
750 8.541719621995444e-05 0.003339419560872245 100 14.08450704225352
750 0.00023651271726536253 0.010418898190413917 200 10.81081081081081
750 0.00014613399124891493 0.013978647379377762 300 8.746355685131194
760 8.533268989697527e-05 0.002682665617824746 100 14.285714285714286
760 0.0002364915065096449 0.011901535475128781 200 10.58201058201058
770 7.924446200769086e-05 0.0010158647581169345 100 14.08450704225352
770 0.00021350450665602892 0.013622197145624192 200 8.928571428571427
780 0.00013609146511134041 0.006344699493521847 100 12.5
780 0.00020515393070917267 0.015173706248816064 200 8.032128514056224
790 0.00037440957497900774 0.013212231008947282 100 10.416666666666664
790 0.00021871630367282044 0.016217629029441013 200 7.8125
800 0.0005009172231861709 0.016662528267490814 100 9.523809523809524
800 0.00022311961407327184 0.019212046107450795 200 7.633587786259541
810 0.0005199560300293599 0.019569773538044573 100 9.009009009009008
810 0.00021989254779765006 0.021336439392826104 200 7.462686567164179
820 0.0004965671158646647 0.0239516247548043 100 8.620689655172413
820 0.0002313353120210233 0.02456483680932358 200 7.2727272727272725
830 0.0004969234726469273 0.027785197377057 100 8.130081300813007
840 0.0004532807946944693 0.02980223392365236 100 6.211180124223602
850 0.000434610515602763 0.03276515528567605 100 5.813953488372094
860 0.0003931189378411812 0.03689798291979094 100 5.882352941176471
870 0.0002770108464307039 0.028568790115432764 100 6.024096385542168
880 0.00013176884015029614 0.014845787799094878 100 6.134969325153374
890 6.5321411710974e-05 0.00803753415509766 100 6.211180124223602
900 8.337254212901377e-05 0.011036639909826467 100 6.289308176100628
910 0.00011288111223216882 0.013628477164531739 100 6.329113924050633
920 0.00010685894481084798 0.01656223768899521 100 6.329113924050633
930 0.0001269815316321141 0.015115032076277853 100 6.289308176100628
