26.8511 298.2405 11.4451 336.5243 
24.4273 72.3137 100.1529 196.7839 
19.0740 69.1202 87.8559 176.0276 
20.3745 84.1466 99.2716 203.7532 
19.8782 80.7519 104.1049 204.6437 
20.5951 83.8826 94.4231 198.8764 
20.7649 70.4004 102.8872 193.9692 
20.2636 85.3965 100.9230 206.5178 
30.1378 102.2644 122.3677 254.7217 
23.5449 74.0776 103.3962 200.9549 
22.6929 89.7071 100.2247 212.5868 
23.7972 89.9246 115.2475 228.9137 
24.9636 89.6599 127.9333 242.3835 
21.6880 77.7683 101.9327 201.2686 
22.4581 94.4815 120.6979 237.5325 
21.3739 75.7227 104.2269 201.2388 
21.4100 78.8275 89.3582 189.5188 
22.7090 80.8661 104.8240 208.3830 
24.8132 81.3059 93.7415 199.8149 
25.6526 96.7196 280.9572 403.2613 
26.6263 86.3971 118.4149 231.4012 
23.2106 89.2470 118.2754 230.4125 
27.8412 93.7490 115.8873 237.4072 
27.9963 115.9363 111.5516 255.1086 
22.9151 83.6431 126.8850 233.4071 
28.1201 89.4993 160.9897 278.5356 
24.3611 97.9041 156.3990 278.4734 
22.7731 88.9603 128.1496 239.8508 
40.6298 91.9441 143.2199 275.7077 
29.6141 81.3489 120.8760 231.7882 
23.8634 126.3999 202.9669 353.1416 
25.2913 108.0627 131.5048 264.7641 
56.5052 89.3069 122.4605 268.2605 
24.6825 71.6324 121.0108 217.2904 
25.9354 106.0902 125.3508 257.3547 
25.9463 81.0042 122.7834 229.6437 
21.9204 101.3946 131.8952 254.9156 
23.0154 84.1148 126.0081 233.0709 
24.7292 104.5888 124.8660 254.1464 
20.3810 77.0359 130.0274 227.3478 
135.9060 96.3280 117.2603 349.3870 
19.5950 75.2092 109.2930 203.9020 
23.2438 72.8538 105.1878 201.2281 
25.8045 78.6698 117.4908 221.9343 
16.7028 71.1614 119.7939 207.5579 
15.3645 75.7961 86.4520 177.5919 
17.2850 63.6516 90.8414 171.7106 
15.4805 69.7289 87.0088 172.1281 
17.7874 63.4928 79.4290 160.6576 
15.4015 74.7998 80.7961 170.6748 
13.9904 80.0937 86.6402 180.5889 
14.1748 62.4073 119.2093 195.1166 
14.3095 56.1040 99.1093 169.4855 
13.8679 67.7333 70.7484 152.3155 
18.7955 87.8486 72.1656 178.7499 
13.7822 55.5339 72.9391 142.2193 
16.1239 69.8439 84.5940 170.5140 
13.8507 59.0620 89.5450 162.4038 
19.8097 62.0890 67.8869 149.7258 
15.4275 56.7615 75.1100 147.2641 
16.3446 71.4627 89.2971 177.0582 
21.1109 70.8347 86.3907 178.3194 
18.9777 57.1850 66.8690 142.9935 
22.7207 56.5439 83.1705 162.2864 
20.6526 57.0300 70.5275 148.1896 
22.6807 81.1503 89.4648 193.0860 
17.6279 56.3601 78.1928 152.0705 
20.8248 85.3452 71.1040 177.2557 
18.1055 64.0545 86.4247 168.3044 
19.0272 94.7919 99.8517 213.6299 
18.0333 65.0685 87.6749 170.6493 
19.5166 84.3548 75.9527 179.7865 
22.2781 66.7653 71.3795 160.4049 
20.9362 70.4737 80.1026 171.4776 
18.6141 77.9557 76.7628 173.2906 
19.9665 67.1972 86.4283 173.5188 
18.9204 61.3037 82.0169 162.2078 
29.0198 68.0265 88.2581 185.2631 
21.7494 80.7535 96.7488 199.2220 
18.1927 68.4954 103.7287 190.2969 
19.2370 68.0323 98.1533 185.3712 
20.2914 73.3637 74.1159 167.7312 
19.2484 69.5560 87.6098 176.3782 
21.2264 73.8897 90.7774 185.8384 
25.2794 65.2695 71.7238 162.2337 
24.9867 58.7279 82.7368 166.3427 
20.2004 65.0322 81.0855 166.1631 
19.7534 76.2717 87.8200 183.6850 
18.9092 73.5338 80.3323 172.6784 
20.2594 70.5250 100.4833 190.9501 
23.3080 64.2054 88.4577 175.9394 
19.2868 71.7336 77.7627 168.6931 
24.1408 62.4906 80.3822 166.9761 
21.6890 78.6963 78.7360 179.0860 
25.5919 77.3321 79.8154 182.6706 
26.4571 64.1719 89.7349 180.2348 
26.6212 64.0304 92.7004 183.2749 
22.1310 84.2850 84.1127 190.4912 
21.3450 77.2289 112.3124 210.8660 
21.4282 73.0367 106.6034 201.0004 
21.7687 72.8008 106.2584 200.7686 
26.6316 92.3681 83.3572 202.3341 
23.9716 86.5551 117.6595 228.1610 
20.0957 68.8461 93.0608 181.9813 
19.5374 73.2219 107.8773 200.5767 
17.7232 64.0067 92.3374 174.0484 
17.4051 66.1608 115.4058 198.9251 
23.4372 68.9212 92.6403 184.9677 
16.5646 87.8505 121.9182 226.2985 
19.2025 104.6628 89.0318 212.8613 
17.6892 69.2863 89.3907 176.3306 
14.6912 67.2668 97.8688 179.8041 
15.8227 65.6015 90.4282 171.7622 
13.2825 61.0055 104.9067 179.1295 
15.1394 78.0538 99.1582 192.3197 
22.3902 66.7516 96.4923 185.6463 
23.9637 61.8588 102.4859 188.2294 
15.3571 68.6601 87.7799 171.7611 
19.0987 63.4057 95.1168 177.6000 
17.3055 64.1436 101.5167 182.9262 
16.8717 64.6768 102.9531 184.4073 
16.5839 82.9992 101.5340 201.0670 
18.3942 66.1142 89.6051 174.1005 
18.5703 63.5617 99.8518 181.9609 
17.2999 73.2789 93.6452 184.1774 
17.7296 82.5043 109.1665 209.3250 
17.8492 73.9651 103.6604 195.4335 
19.5364 99.1688 101.6956 220.3675 
21.1875 69.5941 107.5058 198.2296 
17.9316 70.9315 100.9302 189.6796 
20.7835 69.3835 103.4642 193.5947 
25.9872 81.8825 95.8194 203.5629 
24.6475 62.5104 91.2733 178.3908 
20.2904 62.4211 95.3218 177.8454 
19.7773 69.7625 104.5441 194.0689 
21.5834 74.5736 103.9230 200.0464 
23.5899 70.8837 92.0530 186.4552 
21.0398 65.6924 100.1081 186.6828 
24.5030 72.7544 111.7498 208.9592 
29.0685 90.7383 114.7401 234.4271 
20.6879 78.1695 118.6338 217.3893 
19.5116 70.9530 104.4686 194.8989 
28.7522 72.9427 96.5148 198.1615 
20.2570 81.8858 94.9971 196.9929 
23.9246 83.7352 126.2465 233.7860 
22.1437 82.3242 93.2335 197.6155 
20.6413 77.6530 93.2822 191.5620 
19.6212 84.7520 98.9794 203.2758 
23.1960 70.2574 107.0672 200.4787 
18.4478 74.7233 92.2650 185.4007 
20.9400 73.9024 99.0874 193.8579 
17.0979 73.4628 102.7870 193.2836 
18.8423 67.5369 99.0766 185.4378 
20.4184 72.3913 79.6048 172.3978 
20.5419 64.7064 85.2047 170.3548 
23.3759 87.5450 81.4372 192.2186 
18.3319 64.5515 83.1096 165.9763 
18.9258 75.9155 79.6068 174.4042 
19.1467 65.8247 93.8280 178.7838 
20.1297 62.9368 92.4096 175.3876 
23.1468 64.5758 75.5052 163.1788 
21.2074 71.6203 80.4367 173.2214 
24.8637 70.9708 89.9027 185.7105 
23.4623 83.6876 81.3858 188.5161 
21.4162 63.4087 85.7078 170.4205 
21.2166 75.5666 94.9080 191.6357 
32.7333 70.4660 87.6627 190.7316 
19.2457 73.0042 78.4026 170.5110 
21.4030 63.7495 84.4918 169.6283 
20.4221 95.7078 103.4483 219.5229 
22.6786 85.4862 90.1204 198.2474 
24.4795 73.9423 110.4260 208.7678 
23.3974 69.0652 95.5706 187.9978 
20.0506 88.5586 100.5414 209.1146 
22.3214 66.7689 84.8980 173.9517 
19.4375 67.4917 88.9606 175.8700 
23.9125 88.5897 84.9751 197.4479 
20.6961 66.7847 88.6039 175.6649 
19.8538 71.7432 92.3985 183.8420 
19.9756 60.1859 87.8230 167.9507 
27.6095 63.3606 103.1719 194.0285 
19.3665 66.9421 89.4442 175.7154 
22.5176 75.2621 112.0114 209.7556 
18.4477 64.1752 118.9990 201.5549 
16.6111 75.0215 102.2827 193.7977 
22.8930 64.7096 112.8440 200.4269 
16.4536 68.2780 110.4643 195.1192 
21.8264 70.1039 95.3678 187.2337 
15.2369 70.1400 101.0724 186.3960 
16.1203 97.9988 98.7233 212.7979 
20.2060 66.7711 97.6605 184.6101 
26.1625 70.8997 112.9051 209.6426 
21.1622 81.0950 116.4876 218.6667 
19.2201 80.5213 111.4186 211.1013 
24.7799 77.1137 104.8128 206.6878 
27.4687 94.8392 96.4723 218.7414 
18.5582 75.3119 94.3539 188.1787 
19.6202 85.2026 100.1747 204.9169 
24.6051 79.5295 98.7925 202.8330 
21.4857 71.5975 101.9453 194.8649 
27.5479 65.9573 91.8294 185.3005 
20.1552 78.4844 113.6428 212.2145 
18.7498 70.2690 93.7521 182.7516 
18.7504 67.5022 98.4185 184.6255 
19.5684 70.3658 90.4935 180.3055 
19.3451 69.8346 99.8488 189.0224 
25.9590 67.2627 96.8973 189.8696 
16.7298 64.0521 97.4350 178.1349 
18.3046 63.4167 87.5213 169.0752 
19.9448 68.9245 96.7486 185.5372 
17.4050 65.9596 114.0077 197.3197 
18.7361 79.1066 90.1045 187.9148 
18.2984 70.3313 97.1943 185.7642 
19.3072 70.7702 103.8184 193.7810 
17.1303 66.7778 99.5607 183.4213 
21.7417 69.0697 94.6802 185.4577 
21.1231 82.0653 113.0794 216.1162 
24.0907 67.1663 96.0475 187.2671 
18.2118 69.5388 105.8903 193.5801 
20.9903 73.2166 105.4102 199.5329 
22.6853 82.0291 107.5011 212.2008 
27.6491 85.3872 112.8545 225.8610 
18.3602 76.5932 99.5122 194.4070 
24.6529 76.7906 96.3695 197.7625 
22.1796 85.6647 107.8027 215.3200 
18.8339 76.8478 125.7275 221.3129 
23.1109 71.5588 94.8394 189.4582 
17.5337 67.9010 89.7864 175.1578 
19.5406 72.3280 109.1340 200.9505 
15.4184 67.6003 93.9507 176.9349 
19.4587 98.5707 100.1515 218.1099 
26.7980 78.8449 95.6909 201.3026 
18.2737 69.7162 98.2903 186.0769 
15.8775 58.5577 89.0908 163.4912 
18.7413 69.7445 88.1283 176.5844 
15.0546 78.9425 95.1533 189.0620 
15.9111 59.9557 97.3523 172.8845 
15.8160 64.6808 87.6175 168.0496 
17.1742 82.2541 90.5096 189.9069 
16.9750 65.5253 116.5729 198.8508 
19.0435 93.7886 97.4142 210.2181 
19.2616 63.0346 96.6988 178.9599 
19.4914 76.2493 88.8629 184.5507 
16.3893 80.4994 105.4654 202.3275 
20.2326 61.1042 91.8418 173.1327 
16.1762 85.7469 101.8465 203.7249 
17.4908 73.5922 94.2539 185.3018 
17.2003 72.3452 100.2981 189.7320 
18.3982 75.5870 120.3952 214.3016 
18.1950 70.3705 103.2337 191.7632 
21.4932 115.2900 90.7837 227.5110 
19.5928 74.0673 103.8621 197.5138 
19.1734 65.7978 122.8091 207.7316 
23.3022 76.3794 89.8724 189.5158 
19.6846 86.4265 97.4873 203.5629 
19.3662 65.1336 95.1068 179.5676 
22.9815 77.6087 121.4091 221.9763 
21.1994 73.8709 106.1806 201.1861 
22.3325 72.8984 105.4764 200.6382 
25.6887 71.0013 110.6614 207.3110 
19.7415 82.9331 115.6154 218.2158 
27.3048 78.9896 92.8271 199.1075 
24.1406 80.2595 93.3978 197.7121 
18.2468 73.6026 90.1355 181.9629 
18.6078 71.2976 86.6038 176.4658 
27.3184 99.3098 100.7027 227.2956 
19.9918 67.3153 105.4415 192.6739 
24.3157 71.2084 107.3653 202.8748 
29.6956 89.1526 85.0211 203.7614 
20.3723 66.0744 95.9119 182.2097 
18.7671 70.3860 108.9812 197.9420 
26.4068 73.3883 114.2386 213.5568 
22.3794 76.1195 90.6165 189.0523 
20.4750 62.2385 95.7620 178.4340 
24.7374 78.8756 95.2355 198.6011 
22.7527 79.7956 93.1831 195.6694 
19.3279 72.6431 107.1969 199.0469 
24.1901 73.2167 95.4163 192.7789 
29.2298 85.6945 107.8097 222.6610 
26.3879 92.1356 101.9187 220.3038 
24.4565 96.1263 105.3704 225.6551 
23.9924 72.4437 96.1868 192.5851 
25.9419 90.6257 109.0874 225.6232 
19.2995 85.2774 119.0811 223.5935 
18.7768 71.3155 96.8474 186.8691 
19.8038 68.8949 95.2612 183.9322 
25.9442 86.7335 105.4072 218.0415 
19.3803 72.9416 95.3721 187.6732 
23.3013 101.3814 99.8199 224.4715 
28.2041 65.9246 99.8809 193.9335 
28.3924 66.1303 112.5158 206.9456 
21.4681 65.1637 94.6322 181.2351 
22.3877 62.7500 105.1873 190.2903 
25.5197 68.3044 91.7938 185.5226 
21.2125 63.7918 113.9553 198.9283 
24.0907 73.5054 98.3954 195.9739 
34.8447 63.2671 106.8748 204.9269 
21.0989 62.4334 99.2247 182.7187 
25.4921 78.4314 109.8214 213.7101 
22.8908 64.8918 118.0811 205.7952 
23.3882 67.4184 135.9542 226.6717 
23.6557 75.9833 131.8233 231.3622 
22.0644 66.4353 103.9250 192.3780 
24.7283 67.4887 109.5886 201.7834 
25.0561 66.4201 136.4187 227.8287 
22.2891 64.8884 116.3036 203.4444 
23.4731 65.2663 110.6777 199.3989 
21.4423 84.1410 118.5897 224.1375 
27.7872 92.9698 128.1393 248.8272 
21.3102 78.7426 133.6430 233.5991 
21.6400 65.7619 121.7438 209.0440 
29.2262 65.5435 130.4014 225.1106 
21.1031 71.2118 131.4946 223.7559 
23.5635 85.0898 126.3682 234.9853 
21.0578 90.6831 176.3001 287.9371 
24.9619 73.8295 131.6229 230.3829 
23.3295 70.7022 148.3942 242.4025 
26.1141 80.1082 151.7663 257.8654 
26.5243 67.8320 159.9846 254.3031 
34.5453 82.7684 140.9500 258.1652 
21.3449 84.1933 166.7616 272.2802 
22.7210 76.5845 131.3020 230.5300 
24.9097 87.3459 147.9085 260.1464 
23.8957 79.5843 175.8727 279.3203 
22.4063 90.5657 159.6452 272.4770 
30.5520 107.6695 153.5252 291.7125 
26.3301 82.9519 148.6427 257.8992 
22.2307 79.1663 197.6756 299.0675 
22.7687 91.5013 153.7933 267.9635 
25.8729 83.4102 147.2953 256.5408 
21.3360 76.9892 175.1951 273.4775 
21.5147 84.5140 153.5317 259.4630 
25.3351 80.9735 156.4315 262.6884 
25.8843 74.6682 179.6578 280.1524 
21.7879 79.0243 161.2248 261.9680 
24.5181 86.6036 136.4067 247.4392 
21.4556 76.5457 159.5705 257.3630 
25.8523 95.8264 191.5003 313.1186 
34.4824 90.3997 163.8799 288.7008 
26.8814 78.9599 147.2623 253.0678 
22.4696 87.4369 144.1257 253.9964 
24.0623 72.7144 134.2167 230.9552 
26.2085 84.9710 165.1899 276.3364 
23.4066 83.6943 150.8855 257.9522 
30.1908 86.3904 146.9921 263.5405 
29.8751 82.6857 153.3439 265.6345 
22.2346 74.1989 168.3363 264.7153 
31.5461 94.2696 148.2315 274.0154 
24.7378 77.3834 146.2299 248.2659 
25.2798 77.2504 150.0577 252.4942 
23.9113 66.6762 132.9076 223.4416 
27.1634 75.5092 142.5329 245.1100 
27.8588 69.3058 129.7261 226.8538 
23.0574 89.3412 171.4401 283.7226 
30.0656 75.9166 162.2718 268.2312 
21.5192 83.3343 156.3724 260.6419 
22.7160 69.2894 163.4992 255.4241 
32.3866 71.5691 147.8901 251.8055 
27.5844 94.5242 147.6392 269.6971 
29.2702 83.7597 178.2981 291.2721 
26.0159 85.5708 172.1683 283.7394 
29.1109 72.4746 180.1432 281.6968 
29.8748 86.1076 143.2404 259.1793 
23.3493 101.3745 151.4687 276.0854 
27.8816 73.0656 136.6321 237.5468 
25.0785 103.5403 133.0495 261.4146 
22.2133 78.7861 148.7266 249.5192 
22.8529 84.5809 154.4214 261.5936 
22.8036 70.8111 145.1504 238.4573 
24.7433 72.8933 124.1068 221.4778 
22.7582 73.3167 134.7064 230.7487 
24.9193 77.7476 156.1319 258.7648 
20.8723 84.2158 140.6962 245.6951 
22.4183 73.5300 121.2917 217.1231 
19.9769 75.5140 133.4247 228.8242 
20.8781 71.6680 133.1597 225.4985 
22.4206 69.5663 125.3471 217.3107 
20.4639 68.9123 136.6940 225.8024 
21.3318 78.4263 120.1660 219.8891 
19.6090 68.9538 153.0294 241.5540 
25.7221 64.8689 137.5214 228.0909 
20.8879 59.9108 129.7248 210.4666 
20.0437 60.8324 174.5867 255.3932 
19.3948 69.6466 156.0605 245.0758 
18.4964 79.6273 126.1824 224.2364 
20.1553 62.1887 126.1848 208.4931 
18.2744 58.9463 156.7687 233.9254 
17.8589 64.9248 137.3069 220.0142 
19.2996 64.1395 128.1455 211.5375 
21.6999 60.3250 125.4265 207.4151 
22.6792 83.3179 167.5159 273.4758 
24.4899 79.1904 144.1103 247.6976 
26.8306 69.4526 137.7018 233.8840 
21.1571 73.0543 172.6942 266.8693 
28.8213 85.8136 131.6778 246.2649 
22.4958 66.1318 140.4958 228.9952 
25.4921 69.4983 146.8616 241.8337 
26.3654 68.6929 132.8495 227.8663 
21.5783 71.1174 128.9336 221.6081 
27.7807 65.6359 159.5441 252.9028 
22.5623 91.7868 145.0383 259.2837 
30.9228 72.6034 148.9335 252.4334 
22.8785 65.2625 154.3304 242.3903 
21.5813 71.1061 126.5899 219.2541 
23.1274 70.0233 148.6040 241.6455 
24.3755 67.1225 129.8411 221.2704 
22.8444 69.1526 128.9128 220.8769 
22.1307 65.1462 136.2547 223.5129 
24.2530 71.2708 137.8848 233.3039 
21.5478 74.7995 151.0939 247.3082 
21.0455 68.8345 148.3112 238.0889 
21.2305 64.7783 141.8025 227.6606 
22.5570 82.0864 136.5301 241.1253 
24.0440 73.2243 182.5304 279.7294 
29.1522 111.3105 178.2101 318.6567 
25.6936 59.3291 160.3397 245.3248 
22.7847 84.3657 187.3509 294.3949 
29.3474 79.3741 163.5740 272.2363 
21.4650 71.8604 149.2117 242.4952 
23.6810 71.2979 164.5197 259.4384 
26.2597 85.7471 166.5398 278.5035 
23.4832 67.3524 177.5285 268.2615 
23.6192 72.0552 147.1595 242.7864 
22.3423 79.7095 162.3772 264.3947 
23.4500 81.3834 150.2453 254.9968 
20.9198 76.3566 145.8620 243.0118 
20.3860 69.1184 154.0717 243.4818 
24.8954 66.2796 154.4917 245.6057 
29.6846 77.9119 153.2440 260.7796 
20.5601 73.1896 142.6668 236.3489 
20.0522 69.7664 149.4141 239.1340 
19.7667 70.1946 174.3177 264.1487 
23.1437 67.7818 151.2642 242.1463 
28.2653 77.0281 184.6534 289.8438 
20.9884 74.4551 161.8383 257.2778 
19.1901 73.9274 158.9744 251.9874 
23.9071 65.1485 168.8706 257.8251 
21.4291 74.5243 152.2752 248.2080 
20.0383 74.0008 148.6167 242.5548 
20.0306 76.6139 185.5189 282.1094 
20.0135 79.6772 154.8658 254.4651 
21.8712 70.6929 175.4647 267.8696 
19.9184 72.6261 158.6950 251.1786 
24.4192 72.5563 161.6371 258.5106 
28.1710 80.4581 161.0384 269.6432 
23.7276 79.3768 164.3882 267.1756 
21.6354 74.3851 161.7511 257.7234 
21.8131 80.7547 155.7500 258.2829 
20.7360 78.4911 173.2889 272.4697 
21.5573 101.4176 157.7302 280.6716 
24.3365 85.9733 199.1076 309.3827 
24.7802 85.9986 165.5755 276.3170 
23.8437 83.7142 177.1586 284.6487 
21.3861 94.2603 180.9988 296.2527 
21.7552 90.7529 199.0957 311.3687 
25.3924 83.3566 184.7686 293.4829 
28.3788 79.1720 174.3187 281.7875 
22.5105 75.9146 173.0895 271.4646 
25.2153 95.1322 188.4690 308.7790 
22.8322 85.5486 201.1480 309.4729 
21.8511 86.5378 180.8219 289.0755 
30.5124 71.0872 182.6540 284.1167 
22.8743 72.8518 181.8190 277.4732 
29.2503 84.8588 186.7455 300.7879 
22.8049 99.2259 212.9692 334.8896 
24.7996 87.6979 175.0113 287.4579 
22.4009 89.3579 186.3751 298.0972 
31.6761 87.4404 179.8719 298.9711 
27.2977 85.4928 166.6780 279.4331 
21.9294 96.1212 200.6917 318.6454 
22.0926 84.4760 175.0298 281.3971 
23.7445 82.7037 194.0009 300.1275 
20.4573 82.6281 188.7862 291.7837 
27.9979 81.3649 201.2985 310.5620 
21.5918 78.5702 176.4220 276.4842 
21.4601 88.6117 179.7884 289.8149 
24.1487 82.9811 172.5539 279.4462 
21.4150 94.5839 187.1959 302.9603 
20.5888 81.6017 174.3736 276.4448 
20.3976 80.4205 180.5261 281.2448 
20.2459 81.6712 172.0179 273.8719 
27.5269 89.6523 154.4094 271.5409 
24.3098 77.9984 190.5468 292.7831 
21.4392 112.4650 208.3768 342.2422 
21.8316 77.5564 191.9782 291.3275 
26.2073 74.9444 147.0465 247.7764 
19.9387 81.9414 157.4477 259.2119 
19.3592 96.3319 150.4589 266.1061 
17.9640 83.4471 192.3769 293.7374 
25.4498 73.1423 154.3233 252.8930 
19.2511 77.5939 190.0587 286.8351 
27.4146 76.0632 157.2783 260.6592 
19.5814 78.7100 148.0266 246.0881 
19.6631 76.8700 154.2775 250.7729 
20.3586 92.1477 140.7057 253.1853 
18.4665 96.8748 150.9155 266.2197 
19.6440 78.8143 148.0291 246.4532 
19.1568 86.6070 145.4174 251.1468 
19.7976 83.3695 148.4259 251.5059 
18.1951 84.9813 171.1251 273.9323 
30.4267 78.1232 140.6509 249.1347 
18.2268 71.3646 159.2805 248.8096 
18.7579 80.2844 159.2460 258.2653 
18.3625 72.3742 150.7065 241.3808 
19.5556 76.0925 140.2655 235.8151 
28.7352 77.5998 131.7163 238.0063 
19.5728 81.1987 143.8082 244.2868 
20.5406 70.3323 128.4407 219.2623 
22.7709 75.9505 140.7693 239.2515 
23.1005 75.2352 130.3991 228.6986 
59.9198 75.9866 142.2821 277.9581 
21.0329 66.1631 163.7858 250.9608 
23.9859 81.4028 159.4111 264.7175 
19.1049 66.2825 147.8098 233.1763 
23.0323 76.0009 162.1002 261.1121 
25.0297 81.3414 153.1016 259.4293 
22.0076 78.2161 156.5195 256.7251 
21.2137 81.9832 156.2184 259.3408 
25.7846 72.3610 140.4756 238.5835 
24.1661 76.5324 158.7499 259.4071 
25.9642 69.4201 163.2775 258.6280 
27.4699 88.2677 131.2209 246.8868 
25.5619 64.2940 141.2307 230.9891 
25.7081 72.7918 138.9078 237.3486 
23.3818 69.7110 140.3084 233.3646 
23.2395 75.7296 139.8951 238.8193 
25.6792 64.1934 146.3003 236.1381 
23.5980 71.5706 143.5178 238.6639 
27.8738 75.0890 156.8438 259.4624 
21.1956 74.7307 140.0900 235.9955 
28.3853 83.9026 139.4434 251.7099 
24.5914 66.0038 142.8736 233.4350 
26.5440 95.5309 144.6856 266.7249 
22.4917 69.7110 143.2198 235.3871 
21.2359 70.8391 141.2740 233.2769 
23.8931 74.4588 139.6082 237.8401 
27.1627 74.9416 166.4852 268.2370 
20.2908 82.8813 148.0832 251.2164 
20.9343 77.3178 214.0489 312.1485 
18.3310 73.6139 180.4863 272.3153 
30.2147 74.9540 190.0984 295.1816 
20.3169 76.3427 152.6894 249.3108 
18.9765 76.1928 162.6326 257.7367 
19.4108 73.1357 156.3896 248.9011 
22.7976 89.9714 167.1997 279.9327 
19.5187 77.8081 154.6118 251.8823 
21.2496 77.9825 151.0508 250.1553 
22.7705 74.6034 166.4621 263.7374 
21.2191 90.2390 140.3324 251.7162 
24.0539 77.5529 159.0626 260.6494 
20.9169 74.2169 158.8147 253.8395 
20.3501 77.6515 145.0074 242.9116 
18.6575 76.2337 150.3093 245.1617 
20.1296 69.0281 162.1342 251.2011 
21.5807 82.7161 146.7284 250.9948 
22.6532 95.8412 153.1099 271.5816 
24.0845 75.5769 174.5824 274.2080 
18.9149 75.8678 161.5558 256.2157 
29.6187 94.4985 166.0059 290.0193 
23.1785 79.8877 182.6106 285.6075 
22.0250 70.5795 174.0919 266.6568 
20.3285 74.5774 166.7835 261.5828 
21.9089 90.2411 177.9068 290.0016 
20.1288 77.2187 157.1906 254.4680 
20.8728 86.0622 152.6536 259.5364 
22.7323 105.3981 174.1336 302.2456 
20.1837 72.0496 167.4186 259.6293 
25.6588 75.4662 185.4456 286.5236 
28.4823 78.4946 162.6782 269.6115 
22.8526 91.5363 150.4893 264.8452 
22.7518 99.4337 168.8399 290.9901 
22.0840 79.6591 153.6597 255.2798 
22.2102 73.6798 157.3650 253.1929 
22.3202 73.0717 150.6402 245.9936 
20.4989 74.9034 168.8964 264.1936 
22.0216 63.8217 152.8639 238.6697 
19.8091 95.5110 165.3414 280.4982 
19.7523 71.6946 124.5562 215.9834 
34.8701 71.9506 141.5803 248.3736 
19.2221 69.6483 201.7929 290.5670 
19.1650 83.1013 139.8026 242.0106 
21.5664 76.7458 154.7133 252.9584 
22.6131 92.5292 134.4875 249.5966 
18.7855 78.8709 125.0195 222.5880 
36.2872 124.2325 141.8431 302.3076 
23.6866 73.8827 154.6943 252.1499 
19.8055 71.6246 131.9796 223.3720 
26.3965 98.8005 135.4119 260.4332 
23.2537 90.2748 143.3347 256.8233 
20.3957 80.1757 114.5047 214.9771 
18.4743 68.3633 119.9756 206.7201 
19.6000 81.6073 112.2780 213.3629 
15.5375 63.0013 140.4997 218.9964 
16.3574 60.1626 110.8764 187.2473 
16.1987 52.5210 118.0133 186.6684 
14.7469 57.7513 137.4512 209.8886 
17.0051 61.6349 126.2404 204.8335 
22.4321 78.3748 114.5546 215.2813 
21.7606 86.4801 125.1557 233.3650 
24.0665 74.1194 138.8649 236.9989 
20.8783 91.5736 116.5550 228.9009 
18.8196 57.4754 107.5458 183.8180 
18.0252 64.1813 146.2404 228.3875 
17.9467 60.9302 117.2275 196.0520 
18.6453 59.5132 114.8911 192.8969 
17.3482 64.8081 145.3445 227.4367 
15.4303 65.4795 150.8588 231.6437 
16.6604 79.8911 139.5733 236.0067 
18.7669 108.3399 145.4560 272.4915 
25.5971 92.7034 136.6358 254.9027 
18.9453 66.4436 129.4228 214.7705 
19.8680 71.2590 122.3247 213.4176 
19.4831 79.2706 121.2699 219.9895 
19.7315 72.1888 138.8402 230.3740 
19.3362 68.8895 122.7915 210.9820 
22.9271 82.0151 154.3514 259.2006 
20.9557 89.1239 134.6343 244.6769 
20.4858 79.1027 122.9724 222.4438 
20.8942 69.8873 116.0063 206.7546 
22.9643 66.8220 160.9099 250.5826 
23.6520 85.3702 135.9217 244.7286 
17.8662 82.4948 126.5823 226.9111 
19.7027 73.4305 121.3284 214.4159 
25.7810 87.8686 135.6930 249.2878 
21.7273 68.4337 133.6525 223.7732 
33.5824 70.7306 169.0274 273.2952 
24.6770 92.0199 138.1429 254.5876 
26.3326 65.1509 121.5350 212.9663 
20.8509 63.1483 127.1454 211.1065 
18.2843 71.8926 156.3903 246.5265 
37.6164 66.0295 91.9773 195.5865 
19.7776 61.0751 109.9206 190.6869 
18.7151 78.7998 110.3348 207.7725 
19.6536 79.7702 125.8863 225.1929 
19.2620 67.7238 101.9646 188.9153 
25.2501 65.7666 98.2394 189.1416 
28.0161 86.1019 113.1729 227.2686 
18.5146 75.3271 103.9105 197.6966 
21.4715 77.3969 94.3926 193.2280 
18.7671 67.1893 117.2718 203.1879 
25.2024 91.2649 89.8433 206.2083 
29.5005 88.0671 112.5876 230.0864 
21.5730 75.1969 104.5859 201.3178 
29.9782 97.2876 116.6548 243.9042 
21.6587 65.3967 130.6741 217.6270 
22.7381 76.1944 143.4216 242.2529 
25.4329 90.4776 115.0646 230.8962 
20.1388 69.3436 112.3174 201.7615 
25.0126 75.9636 114.0461 215.0070 
24.1040 69.0951 109.2179 202.3742 
27.4483 90.7635 126.9905 245.1464 
21.4238 78.5635 152.4065 252.3557 
21.7041 61.9849 112.6144 196.2761 
26.7037 88.4669 116.8085 231.9428 
21.5010 66.9479 143.6401 232.0561 
23.1392 68.0831 165.4025 256.5112 
20.9137 85.5481 123.7856 230.2070 
19.5935 67.2133 126.0163 212.7908 
23.6405 67.0055 123.4191 214.0611 
24.4342 71.2516 159.3067 254.9244 
25.6646 82.8277 141.6432 250.0997 
22.3469 76.2739 166.5760 265.1296 
20.8737 71.9166 129.6068 222.3568 
26.8244 67.0990 123.0959 216.9940 
27.3358 78.6069 158.1461 264.0029 
20.0870 69.6874 166.1933 255.8648 
21.8862 68.2594 130.2268 220.2670 
25.6051 82.9776 170.6401 279.1288 
21.1286 69.2303 153.4411 243.7753 
21.2192 76.2325 140.7667 238.1887 
20.7629 70.9407 129.1735 220.6594 
27.1980 81.4711 158.5051 267.0974 
25.9139 64.6144 133.0029 223.4752 
21.5803 79.2547 150.6799 251.4739 
29.6928 70.8043 139.8983 240.3359 
22.3747 68.4035 158.0506 248.7826 
20.7496 65.9824 118.9851 205.6253 
28.3399 77.7273 118.4138 224.4384 
19.6689 71.0969 149.2443 239.9615 
22.1145 57.3778 144.8215 224.2651 
19.8658 56.7950 124.3117 200.9502 
21.9409 96.1703 165.1247 283.2009 
21.5325 70.9831 132.0859 224.3644 
33.1419 90.1826 156.7080 279.9303 
30.9579 75.2516 124.6089 230.8019 
20.3654 72.9791 130.6013 223.8320 
25.8509 66.2265 142.5953 234.6131 
38.9754 81.1874 159.6525 279.8022 
22.7322 67.6560 177.7641 268.0470 
21.3985 67.4511 153.4469 242.2034 
29.1318 69.2705 150.9356 249.2345 
20.7362 99.9227 154.9267 275.5410 
23.6674 87.1317 148.9313 259.5643 
24.5927 69.9425 156.2184 250.6492 
19.9688 74.9419 139.3365 234.1924 
24.2061 74.4441 170.3891 268.9783 
24.2378 68.1852 133.7156 226.0834 
26.0408 82.6426 148.3331 256.9883 
20.3594 68.8431 134.0199 223.1892 
22.9969 68.2479 228.8750 320.0793 
23.1903 74.9497 124.8915 222.9462 
20.3774 77.3822 158.3639 256.0878 
21.6693 66.7667 126.2714 214.6768 
21.9586 83.1676 164.7812 269.8729 
28.3063 84.2092 121.1553 233.5696 
22.1266 72.6668 139.8195 234.5510 
26.5419 65.3129 126.0842 217.9183 
30.6659 82.7903 137.4368 250.8339 
21.3506 66.3167 154.5945 242.1604 
22.3524 96.7752 138.9375 258.0303 
20.8734 67.1500 144.0767 231.9605 
24.8766 82.8235 153.4380 261.0482 
43.9731 86.5340 147.7387 277.7470 
28.9227 67.8217 135.8768 232.4990 
26.0388 89.2854 122.4060 237.7072 
19.6840 82.2382 164.1675 266.0572 
30.7630 105.2739 156.2970 292.2496 
23.0047 89.1126 182.6413 294.2072 
30.2906 89.0778 136.3080 255.6129 
25.2942 77.2951 236.2413 338.3805 
22.7145 73.6453 135.4053 231.6533 
22.8884 92.3912 147.0107 262.2512 
19.8138 85.8425 139.4081 245.0258 
33.4963 98.0791 127.7224 259.2594 
25.3085 84.4431 154.5415 264.2195 
30.6918 104.0192 158.4691 293.0933 
23.0394 70.1677 189.3045 282.2037 
27.1587 84.8453 163.3789 275.2510 
24.4009 95.8786 138.0158 258.2821 
26.8108 75.5356 156.0520 258.3332 
36.9015 138.0444 197.5340 372.3904 
26.9690 99.8554 138.5286 265.3293 
28.0965 106.0301 155.0908 289.1838 
27.0527 94.9435 147.4186 269.3291 
30.2641 113.1659 140.0105 283.4185 
23.6072 103.9475 162.7216 290.2307 
27.0428 112.1859 190.1951 329.3060 
23.0353 74.2932 160.5603 257.5504 
28.7161 80.4096 151.9315 261.0041 
22.7762 99.8022 243.6752 366.1638 
32.4528 84.8412 182.9234 299.8776 
26.2086 100.1813 173.9657 300.2546 
25.4318 98.6668 162.6479 286.6043 
23.5432 87.5220 155.7347 266.7763 
30.0092 97.8071 169.4993 297.2338 
26.9073 87.6701 165.5996 280.1520 
32.4229 100.7736 154.4330 287.5966 
23.7372 97.3091 179.1448 300.1125 
22.6712 98.0893 165.5861 285.9625 
31.9189 97.8688 173.3024 303.0520 
25.0831 87.7736 169.1922 281.9197 
27.1183 96.1638 183.2562 306.4376 
29.7671 97.5063 141.7413 268.9818 
24.1623 76.0712 201.8042 301.9134 
28.0224 94.4801 191.3657 313.8071 
25.5969 90.2169 160.7498 276.5240 
32.1726 109.0128 150.0168 291.0971 
27.4073 78.5289 177.6149 283.4726 
27.5109 91.9604 146.5575 266.0085 
29.7034 108.2547 188.1682 325.8760 
34.0663 100.2300 143.2051 277.4777 
20.6080 89.9021 201.1112 311.5212 
28.2130 71.7849 172.0980 272.0367 
30.7538 78.7945 146.7955 256.2709 
21.5259 78.3948 142.7269 242.6277 
24.4612 73.1138 152.3399 249.8453 
22.1855 85.5618 154.7486 262.4111 
25.4472 68.0316 178.5138 271.9148 
20.9139 65.2244 131.0057 217.1031 
20.1126 67.0419 142.4829 229.5444 
25.0901 95.3876 119.5451 239.9891 
19.5230 72.7958 133.5996 225.7948 
24.3853 109.3948 132.9135 266.5930 
23.5643 92.8694 190.5066 306.8940 
20.0113 83.5083 143.7204 247.1665 
23.3585 65.5672 133.0659 221.9698 
21.7945 103.0886 173.5404 298.3981 
23.8284 75.5654 149.2531 248.5504 
28.4004 71.8900 138.8880 239.1172 
24.4815 72.6373 180.8734 277.9186 
23.5513 78.1666 125.1458 226.8395 
29.7044 65.9197 118.4596 214.0704 
22.2173 76.1773 143.4191 241.7222 
23.7022 74.9174 160.5246 259.0411 
26.6702 86.4537 129.1787 242.1990 
19.9504 63.2940 133.3062 216.3790 
19.9480 84.4230 148.2721 252.1020 
19.4867 74.3892 137.4467 231.1736 
17.0361 70.9779 126.2102 214.1127 
20.1386 62.1190 141.3298 223.4971 
25.9244 64.6788 123.2146 213.7364 
18.4173 63.9421 152.4317 234.7208 
20.9687 66.8083 170.8985 258.6254 
21.4261 63.1966 127.7515 212.3489 
19.2865 63.6229 128.0446 210.8685 
19.7770 65.3527 154.2937 239.3474 
25.1107 92.9475 163.8120 281.7643 
20.8180 54.9451 117.4683 193.0948 
18.9240 96.3840 145.9420 261.2183 
19.0495 65.3677 167.2522 251.5767 
22.6223 68.9830 127.9768 219.5069 
19.5742 65.5368 117.1986 202.2555 
21.4423 65.3998 129.1622 215.9887 
19.0859 63.8021 132.2761 215.1057 
26.7170 81.8379 128.6334 237.1536 
22.6291 68.5290 137.6307 228.6575 
21.8124 76.7873 116.1217 214.6973 
29.0419 84.1058 134.7919 247.9196 
21.9257 65.0110 124.5342 211.3015 
20.7000 70.9743 158.1932 249.8268 
24.5724 83.3975 124.6949 232.5298 
19.1541 65.7815 121.2620 206.1399 
20.0758 75.1792 122.9565 218.0739 
18.0910 69.1492 119.8383 207.0542 
30.2096 71.7515 139.7370 241.6548 
21.4221 64.6688 139.2489 225.3040 
21.5097 68.2000 120.8885 210.5529 
24.9569 87.5098 130.7438 243.1052 
28.9923 80.0146 144.5716 253.4767 
25.8235 73.3179 157.6751 256.6039 
23.5088 57.3905 121.9955 202.8706 
25.9105 87.8097 118.4567 232.0757 
22.3231 70.7543 141.2890 234.2724 
26.0135 61.7426 140.4848 228.0760 
19.3760 63.2816 124.2572 206.8931 
19.9265 70.5276 153.1234 243.5036 
20.2361 61.9940 135.1364 217.3330 
24.1004 72.9910 127.3410 224.3260 
17.6693 80.2157 132.4656 230.2540 
23.6817 66.7388 114.0175 204.3783 
21.5939 58.3878 230.9829 310.9218 
21.3362 72.3689 122.9918 216.6599 
22.2766 66.1827 155.9667 244.3573 
20.5970 55.5755 124.2733 200.4131 
17.9667 68.4684 120.7006 207.0790 
19.1778 82.4893 162.7865 264.3710 
19.0450 69.6467 138.3949 227.0129 
24.2135 78.7008 147.2156 250.0255 
24.7077 86.9015 121.4467 233.0217 
22.8941 74.2148 275.6771 372.7480 
22.4940 71.9296 132.9644 227.3650 
23.5001 91.6589 115.8344 230.8979 
17.2806 95.5490 153.7767 266.5704 
17.2431 69.9495 124.2914 211.4101 
17.2466 67.1410 123.1341 207.4849 
23.4157 74.9079 111.1691 209.4359 
18.8103 68.7992 132.0038 219.3988 
21.8658 81.2814 149.1671 252.0738 
23.7412 80.8340 126.7709 231.2816 
23.6414 61.1700 138.9839 223.6450 
18.2632 62.1568 119.4006 199.7775 
17.7209 67.3667 136.1123 221.1371 
19.9260 79.7909 128.3395 227.9811 
24.2951 67.8864 120.1238 212.2412 
21.7789 64.5111 129.8893 216.1456 
18.1892 74.8230 147.6649 240.4033 
17.5717 63.9419 119.5090 200.9325 
21.2516 88.2828 131.2786 240.7406 
21.3924 82.6206 129.5017 233.4815 
24.4149 64.7693 145.4301 234.5693 
22.2336 71.5455 119.6969 213.4381 
25.0353 71.9789 118.2739 215.2378 
18.7071 72.0682 152.6179 243.2445 
22.0297 63.2021 142.4449 227.5743 
20.6412 63.4023 122.5177 206.5070 
20.2824 71.4420 144.3314 236.0213 
22.7055 65.9544 161.3658 249.7930 
19.2850 89.6424 131.4590 240.3301 
25.0383 86.0314 126.8156 237.8334 
19.6042 76.8035 153.3691 249.6017 
21.9802 59.7720 111.2974 193.0055 
28.5125 65.0590 112.2056 205.7616 
27.0011 83.3645 111.8596 222.1867 
21.3146 88.3782 145.8072 255.4027 
24.5461 77.4116 147.1634 249.0567 
25.0841 99.1892 119.0040 243.2141 
22.9577 97.7224 133.1631 253.7968 
31.5956 76.4083 110.0583 218.0236 
22.8359 68.5761 114.2647 205.6396 
24.2933 95.2537 218.5782 338.0331 
29.5731 108.1959 124.1909 261.9256 
20.5406 84.2905 115.6525 220.4421 
20.7286 71.8636 115.2710 207.8121 
21.4920 65.6799 139.1168 226.2532 
22.8799 70.1604 135.9260 228.9359 
23.4940 91.0283 146.0618 260.5605 
26.0341 81.7546 136.9172 244.6884 
20.8647 69.7541 125.9461 216.5214 
25.0747 69.4828 115.9812 210.2823 
27.6532 90.7538 114.7663 233.1365 
19.9403 81.5303 159.3782 260.8133 
19.4003 67.8476 128.2489 215.4483 
23.6957 76.1535 132.2518 232.0098 
22.1955 81.4880 161.7155 265.3390 
27.4751 62.5182 153.4967 243.4484 
25.2100 66.8417 161.4851 253.4372 
21.9934 90.0197 168.9760 280.9197 
21.9648 65.9088 182.9688 270.7478 
20.6768 82.7010 176.6299 279.6914 
20.6123 77.6340 184.7338 282.9426 
23.7122 75.8587 143.6760 243.2258 
29.6699 110.2896 147.4858 287.4114 
24.5246 80.5967 151.3363 256.4180 
21.2584 84.8609 182.7265 288.7883 
30.3243 89.0360 188.9055 308.1998 
27.6033 78.0695 169.4127 275.0375 
23.5772 82.3508 192.4360 298.0213 
31.5759 108.9639 159.3030 299.7867 
28.2824 88.5815 208.9657 325.7306 
23.1473 81.3793 159.1987 263.6775 
21.6517 76.4545 165.0993 263.1564 
27.4027 101.8362 171.2435 300.4507 
26.9057 83.4404 175.9584 285.4724 
21.0395 87.3354 171.1513 279.2969 
25.5455 120.1422 219.6469 365.2387 
23.0522 69.2670 161.8080 254.1042 
21.1273 80.1046 167.2252 268.3431 
21.1244 81.5578 183.9050 286.4674 
26.7558 81.8898 148.8540 257.2558 
21.9238 78.7062 234.0945 334.4137 
28.7626 117.3930 162.3733 308.5090 
19.9241 77.2527 160.7488 257.8731 
20.5810 76.7613 143.1333 240.4540 
23.6981 73.7376 163.9951 261.3946 
27.9702 85.0838 155.3649 268.3774 
21.1356 86.2196 136.9442 244.2801 
19.6019 62.6955 148.9354 231.1452 
24.2831 78.4930 127.6599 230.4165 
22.0643 83.6487 145.9751 251.6806 
21.6300 70.5660 128.4439 220.4024 
23.4366 66.0231 141.1969 230.5907 
17.0896 73.3873 124.8131 214.9576 
18.8801 66.9028 127.9407 213.6561 
16.0085 69.0937 129.0836 214.1712 
19.7072 71.4422 153.2301 244.3424 
18.5997 61.0823 137.0970 216.6832 
17.3590 63.0072 132.3335 212.6023 
16.7050 62.3715 128.5504 207.5269 
20.8267 84.1029 128.0226 232.8833 
17.3199 76.9197 270.5557 364.7646 
17.2711 77.3215 127.4185 221.9785 
18.3451 66.4398 125.0708 209.8137 
19.5994 66.9180 168.8323 255.3008 
20.7929 88.0627 139.1496 247.9844 
19.1283 70.9512 134.1952 224.2089 
19.5574 65.4239 122.7197 207.6773 
24.1512 64.3918 146.5482 235.0689 
25.4897 84.8704 128.7549 239.0768 
21.2997 74.7625 139.7568 235.7552 
24.1769 71.9373 134.5368 230.6254 
28.6856 88.2651 130.4201 247.3420 
20.7842 67.7076 146.3443 234.7612 
52.4090 83.5346 160.8002 296.6636 
27.6631 83.3170 130.8164 241.7602 
24.2795 83.0221 155.3093 262.5787 
26.4087 68.9464 142.0141 237.3274 
22.2901 81.0307 146.4247 249.5005 
24.8699 93.7231 140.7351 259.3099 
24.8724 83.1754 136.3817 244.3089 
23.8185 66.3739 196.4325 286.4913 
29.1983 87.1096 126.6371 242.9292 
21.5877 73.1620 124.7148 219.3932 
22.0982 71.8885 156.4705 250.4137 
27.3332 82.4312 122.8767 232.5333 
19.9388 68.6546 125.1047 213.5702 
24.2461 70.7506 120.9625 215.9369 
20.7553 62.2119 119.5369 202.4657 
23.8653 67.3902 121.9134 213.0995 
19.7596 69.8185 120.0216 209.5347 
18.9888 84.0612 139.0463 241.6894 
26.7168 89.3488 129.6308 245.5751 
21.1179 63.8657 131.5129 216.3739 
22.0679 63.1526 148.0142 233.1734 
25.6184 80.9204 136.7677 243.2839 
18.7757 60.2777 117.1378 196.1528 
19.8511 73.1908 114.9101 207.6743 
19.9130 65.7226 139.3175 224.8271 
24.5130 91.2484 120.3614 236.0704 
22.1128 84.1442 121.8504 228.0114 
20.0605 73.3654 166.1106 259.4497 
29.1709 83.0355 121.7067 233.8613 
19.5421 63.6209 117.3285 200.4995 
20.8445 71.9945 162.3252 255.1440 
23.6826 67.2643 126.3736 217.1870 
22.8299 86.7849 152.8142 262.3721 
20.0434 79.3776 143.7097 243.0438 
21.1237 67.6743 149.8847 238.6032 
27.5915 86.6797 131.7922 246.0124 
22.7828 74.7711 177.6046 275.0708 
20.4723 65.2731 131.5973 217.2970 
24.8931 118.1484 169.7385 312.7190 
20.0616 95.3134 152.6709 268.0116 
21.6213 74.4101 152.3362 248.2951 
19.2319 76.2543 147.7581 243.2178 
24.5755 79.5233 147.8134 251.8453 
22.0823 73.1151 142.1790 237.2946 
24.2490 74.3036 161.7151 260.1965 
20.0876 93.1662 186.4562 299.4749 
19.6795 74.0267 145.3566 239.0279 
25.9795 69.7369 166.7127 262.2769 
19.4871 76.1552 146.6101 242.2205 
18.9010 96.7112 148.6971 264.2725 
18.4360 77.5219 139.1399 234.9353 
19.3999 72.4585 161.5939 253.3487 
17.6831 81.7009 142.9067 242.1971 
20.5747 75.0295 142.1610 237.7277 
21.5253 71.1447 139.9034 232.2514 
18.3347 68.0218 178.5593 264.8580 
18.9692 81.1922 137.7741 237.9174 
24.7549 61.4642 143.5051 229.6807 
21.0292 79.2491 136.9802 237.2211 
22.1101 94.7834 149.5838 266.4476 
19.4743 63.7277 152.1376 235.2511 
17.6564 63.3011 155.5062 236.4062 
17.6128 61.6206 136.4604 215.6707 
17.3645 57.5598 137.7246 212.5460 
24.7517 87.5082 142.7130 254.9504 
18.9145 57.5598 181.2848 257.7014 
19.8430 68.2068 142.2388 230.2700 
20.0504 67.5788 171.9409 259.5352 
16.9842 62.4053 132.7027 211.9808 
20.7252 96.8252 144.9666 262.4631 
19.3627 68.9192 146.8162 235.0149 
19.4360 85.3022 180.6088 285.2931 
16.8527 76.3418 145.1557 238.2261 
17.9913 73.9002 146.5539 238.3398 
16.6617 63.5549 149.1986 229.3795 
20.1178 75.7900 167.3680 263.1978 
17.0914 66.6328 151.3332 234.9789 
20.0781 74.3671 168.8131 263.1619 
23.2638 79.7368 145.3805 248.3395 
18.4813 67.2709 133.8073 219.5278 
18.9437 71.3310 135.2494 225.4940 
16.2121 62.6187 137.3723 216.1569 
24.7313 88.2688 141.4842 254.3862 
19.7172 71.7342 153.3234 244.7047 
23.7084 76.9099 127.2445 227.8166 
27.3099 109.2058 133.0081 269.4861 
22.4010 114.7302 174.6614 311.6750 
18.3892 63.5876 262.7631 344.7104 
24.1524 67.2783 169.4361 260.8214 
16.4718 69.2160 149.6724 235.3393 
23.0719 80.2009 197.5258 300.7588 
23.5600 66.1294 145.2776 234.9079 
23.6473 82.7732 189.8237 296.1998 
23.0623 77.6105 176.1475 276.7222 
25.7240 87.4746 187.8300 300.9434 
21.0540 68.4302 170.6310 260.0160 
28.9484 83.1509 206.0785 318.0807 
27.5282 84.5176 163.1377 275.1193 
17.7605 72.8242 216.5227 306.9739 
18.2324 86.9119 190.3624 295.4144 
24.4810 92.6461 174.0618 291.0255 
20.6259 68.5867 135.2154 224.3327 
19.7668 71.8983 145.3779 236.9196 
28.5679 100.1836 150.1856 278.8504 
20.8865 73.6714 163.6160 258.1545 
24.2292 69.6775 183.3459 277.2061 
26.0669 91.4371 218.9543 336.3756 
30.6654 80.4635 214.1861 325.0594 
22.8394 70.2933 180.3520 273.3804 
20.7055 68.4769 184.7813 273.8827 
19.0157 67.5950 181.2786 267.8060 
22.1658 69.2119 150.5754 241.9197 
23.5115 77.0441 189.7541 290.1364 
30.6603 108.4877 160.9354 300.0510 
24.8806 81.8120 188.5262 295.1461 
22.8581 88.6705 176.5186 287.9087 
20.8541 76.0755 191.7281 288.5645 
28.9906 77.2199 219.6733 325.8376 
23.5502 77.4534 218.5404 319.4964 
21.3269 87.4811 227.0029 335.7541 
29.0152 79.2527 224.4301 332.4841 
23.4756 88.2054 216.7269 328.3191 
20.2183 87.2015 171.5986 278.9866 
25.6249 107.3635 177.8730 310.8040 
23.2576 80.3489 197.2585 300.5322 
20.9239 106.9226 184.5989 312.3892 
23.3761 79.7217 190.9023 293.9086 
22.1728 87.1698 237.6828 346.9768 
20.3920 91.6715 195.9258 307.9531 
25.8496 93.8217 230.4339 349.8351 
20.3087 78.0170 196.4961 294.7781 
21.7593 87.7547 175.9788 285.4473 
28.9083 111.6972 178.2804 318.8663 
23.9330 91.1322 169.6509 284.6934 
21.7573 75.9806 191.1748 288.8745 
20.0785 102.4999 201.6792 324.1775 
18.9483 82.9449 226.4574 328.2970 
20.9939 72.5061 222.5978 316.0627 
19.7881 76.4982 206.0346 302.2053 
20.5169 72.9571 223.0801 316.4430 
22.6074 73.6014 172.9607 269.1155 
26.2803 72.0890 177.4978 275.7990 
21.1318 104.1361 179.9361 305.1667 
20.5459 78.7771 181.4810 280.7279 
22.8169 80.9127 185.1428 288.7898 
20.0510 74.9153 235.0160 329.8687 
30.3980 82.4181 234.0491 346.7974 
18.5205 64.5597 253.5998 336.5986 
20.1586 99.0583 214.7666 333.5320 
17.9219 67.5218 209.6925 295.0893 
18.4056 63.3160 165.2055 246.9105 
18.1588 72.4717 162.4539 252.9315 
23.2295 90.9666 215.3578 329.4826 
20.8563 70.4890 190.8091 281.7837 
