49.4181 19.1474 25.4797 94.0673 
22.8994 107.2072 121.0040 251.0496 
25.3299 94.6809 172.4615 292.3216 
28.5597 78.7353 146.4905 253.7629 
27.2502 118.3164 162.2809 307.8403 
25.4743 84.5228 175.1107 285.0422 
32.9536 110.1988 185.9321 329.0801 
22.8610 94.0467 162.9256 279.7682 
24.5560 84.9608 181.3098 290.7596 
25.9386 93.1071 221.6376 340.6644 
27.9168 83.7039 249.6555 361.2117 
37.4752 90.5240 150.4124 278.3498 
23.5966 90.4040 162.9629 276.8775 
25.4798 78.2781 183.5775 287.3085 
22.8263 84.6835 147.3223 254.7731 
22.3674 102.3173 175.0926 299.7172 
26.9862 101.7306 231.7928 360.4414 
35.6573 133.0222 240.4473 409.0830 
23.1693 87.2077 169.1131 279.4650 
25.0823 82.9239 165.2568 273.2000 
23.5046 104.7034 185.9603 314.1064 
22.4354 80.3629 162.5424 265.3209 
29.9321 130.3990 152.5084 312.8032 
22.8172 98.6438 174.5339 295.9565 
22.7429 98.1337 161.0016 281.8327 
26.4245 77.8987 152.3796 256.6664 
28.3431 91.4635 152.3550 272.0613 
24.1243 74.7535 143.9562 242.7779 
34.1953 114.4891 189.8416 338.4747 
26.6104 89.0725 148.9112 264.5413 
22.8290 82.0948 151.9500 256.8119 
23.5459 77.0005 239.7353 340.2453 
26.2508 78.4114 156.7563 261.3915 
24.0063 76.5496 153.3299 253.8478 
24.1114 92.2026 163.0307 279.3064 
26.1830 90.3110 199.4645 315.9247 
23.7196 82.1491 162.9591 268.7956 
30.7956 110.5104 174.8938 316.1919 
22.5846 78.5393 153.0329 254.0166 
35.2399 90.9048 158.2071 284.2604 
22.7510 77.7715 140.8107 241.2007 
23.6009 87.4680 177.4462 288.4888 
21.9066 91.9891 147.4782 261.3396 
23.0822 72.6118 135.6305 231.2883 
21.4600 85.5240 173.3632 280.2452 
21.0914 84.3686 153.7921 259.1484 
24.1924 87.4986 151.5474 263.1466 
27.6089 87.1650 143.8981 258.6348 
23.2505 130.0485 195.0246 348.2145 
22.9381 96.2909 209.4590 328.5312 
24.8737 185.2173 176.0175 386.0328 
31.1418 154.6325 144.9921 330.7322 
24.4149 76.9360 130.9211 232.2242 
34.3622 118.1074 160.4400 312.7952 
29.5266 92.4755 148.6261 270.5701 
32.1161 96.7055 143.4937 272.3007 
25.3826 79.7241 123.3193 228.2599 
23.6795 107.4085 164.1451 295.2163 
29.6725 104.3978 127.8275 261.8640 
27.3644 105.3342 134.4340 267.1044 
24.0277 96.8103 121.6252 242.4349 
21.9025 70.6713 161.2031 253.7233 
23.0346 72.7916 115.6439 211.4495 
21.5085 71.5600 155.2577 248.2916 
26.3686 67.7051 136.1482 230.1277 
22.0855 69.6091 126.4115 218.0730 
24.9280 80.6151 138.5686 244.0661 
24.3739 71.9348 129.4626 225.7125 
21.5807 68.6958 139.4029 229.6743 
24.4893 82.7508 131.6346 238.8569 
24.6780 72.7956 123.6962 221.1331 
21.7742 85.0677 170.9822 277.7986 
21.8121 74.0529 142.1501 237.9970 
21.6170 78.4232 164.2359 264.2608 
22.8894 72.7258 147.2820 242.8601 
40.0950 78.8454 158.6311 277.5243 
22.6848 100.3010 148.4375 271.3843 
21.6352 82.2402 144.0133 247.8751 
22.1019 97.2834 150.3728 269.7371 
24.9842 80.7985 191.9158 297.6203 
21.7327 82.2655 157.5510 261.5139 
21.5944 80.1935 151.5840 253.2821 
21.6032 79.4444 156.3298 257.2818 
22.7536 71.7540 136.0011 230.4702 
21.8793 98.6291 144.9744 265.4434 
23.0262 89.3598 157.3267 269.6143 
22.0234 76.5797 169.6312 268.1930 
25.2377 77.0351 147.0862 249.3207 
23.8374 72.4529 150.3745 246.6246 
27.6821 90.8634 136.7787 255.3038 
23.3396 86.5223 140.8183 250.6284 
23.7918 81.8723 139.7764 245.3315 
29.8463 84.0474 121.9406 235.7835 
23.0472 69.3171 126.2261 218.5732 
22.0342 67.9526 135.0959 225.0460 
23.0760 67.1151 122.3289 212.4745 
23.3089 68.9330 129.9138 222.0100 
27.0295 72.9979 119.3869 219.3747 
21.3754 81.1656 125.9022 228.4093 
21.7246 78.0449 147.8130 247.5454 
28.9587 86.0843 120.1299 235.1386 
25.0606 70.9725 120.9679 216.9625 
23.8609 74.4106 116.7037 214.9005 
21.4250 77.9107 126.3156 225.6055 
21.8549 67.2000 119.2979 208.3114 
27.7899 93.0032 125.5673 246.3232 
22.6541 92.5825 124.0381 239.2409 
22.2808 67.2186 131.1984 220.6360 
25.7602 69.6975 114.5191 209.9440 
21.7712 79.5807 123.6642 224.9959 
21.0916 72.0287 123.8557 216.9382 
25.1254 78.7362 115.7290 219.5427 
21.4999 72.5652 132.5899 226.6163 
30.2384 83.2304 135.2379 248.6720 
22.6026 70.5476 132.0575 225.0931 
20.1794 70.9010 144.9960 235.9582 
22.5788 79.5881 119.7217 221.8495 
20.5166 70.4014 122.7475 213.6227 
23.1526 80.9190 125.0374 229.0565 
20.8032 72.0883 130.4893 223.3150 
19.3332 80.9298 120.9733 221.1905 
19.2254 68.2148 120.7399 208.1662 
18.0474 70.5241 151.0834 239.6155 
19.4575 79.1597 126.6389 225.1646 
18.8495 71.1283 119.3880 209.2884 
19.0587 66.6149 146.1723 231.8215 
22.3290 71.1204 118.7149 212.1299 
20.0172 66.9252 131.7524 218.6712 
20.7270 68.7950 120.8575 210.3219 
20.0857 70.0264 127.9172 217.8818 
19.8401 78.4831 110.2463 208.5474 
21.4421 78.8234 106.0488 206.2779 
20.3686 73.6121 131.9043 225.8712 
17.8873 71.6485 105.8058 195.2820 
17.7128 73.0487 112.6454 203.3417 
21.7539 70.3400 120.3214 212.3312 
18.8234 71.6919 128.0504 218.4815 
23.2547 84.2526 129.6495 237.1136 
26.9405 72.7143 136.4931 236.1136 
21.0278 84.2035 148.0863 253.2326 
21.3930 73.3393 138.1927 232.8659 
24.1015 82.1334 140.5984 246.7317 
22.2288 72.4042 157.2714 251.8676 
24.5695 73.9461 144.0668 242.5553 
22.4269 78.9334 141.4035 242.7438 
21.0470 72.0910 140.1568 233.2010 
23.6192 72.4512 131.0625 227.1289 
23.2991 83.6358 130.1242 237.0371 
21.4460 71.5375 132.2260 225.0610 
24.4531 68.9702 127.1921 220.5920 
23.0836 82.8479 126.5773 232.4726 
25.9133 77.2370 126.2778 229.2908 
26.1160 71.7668 128.5174 226.2764 
25.2007 74.6721 122.8725 222.7020 
27.4332 105.3563 113.0363 245.8061 
25.2392 75.5384 118.7512 219.4689 
28.3956 72.4192 115.0534 215.8616 
22.3525 74.8221 124.0227 221.0529 
21.7800 70.4376 115.7262 207.9092 
22.3294 71.0552 129.0483 222.3615 
23.1781 90.9404 118.0460 232.1357 
23.9356 72.9460 119.3885 216.2022 
30.5380 102.6826 125.6985 258.8887 
23.2786 75.2487 108.9377 207.3997 
25.4987 68.9670 117.7016 212.1427 
23.8649 81.2921 106.7436 211.8491 
26.3109 76.2299 108.2949 210.7834 
24.1091 75.7594 109.5880 209.3917 
28.3079 95.1078 148.5529 271.9267 
23.2610 75.8425 111.4389 210.5090 
29.8892 78.6264 112.5376 220.9778 
24.7743 73.8418 112.0819 210.6509 
22.8326 71.8689 121.9465 216.6177 
25.2889 81.2563 120.4816 226.9456 
22.2626 75.9093 115.4913 213.6248 
24.3525 72.6315 111.7786 208.7285 
23.8928 88.7873 152.8601 265.5072 
22.8772 71.2276 118.9666 212.9365 
22.1464 84.6370 112.5400 219.2396 
26.5523 83.8115 137.4614 247.7335 
23.1498 68.5915 112.6627 204.3446 
22.5658 67.2156 159.1904 248.9068 
21.4638 67.9113 114.5353 203.8893 
22.3975 81.8674 110.9384 215.1435 
22.5113 75.6547 122.6619 220.7772 
24.0632 76.7196 121.2175 221.9649 
23.0022 83.7376 136.6214 243.3040 
27.4800 85.5584 126.5043 239.5024 
22.4470 70.7676 137.7738 230.8664 
22.9417 73.2670 142.1498 238.3405 
23.3474 94.6422 135.2131 253.1020 
23.0778 72.3379 165.7659 261.1636 
23.1130 77.8462 148.1255 249.0160 
20.8490 79.7377 124.0495 224.6183 
23.6241 77.9444 135.0053 236.5317 
24.3199 77.9611 156.9723 259.1156 
28.1835 85.0740 135.1662 248.2189 
24.3627 96.0788 163.8902 284.1652 
23.5387 85.4722 146.0604 255.0313 
23.4304 90.6906 200.6809 314.7205 
27.4959 99.5477 154.7553 281.7088 
25.6669 116.0245 123.8358 265.4674 
23.7475 104.7567 139.3655 267.8078 
23.8319 76.5718 138.0482 238.3014 
30.3716 92.0744 145.7714 268.1534 
23.0593 95.6970 181.6982 300.3433 
24.6060 75.0691 137.6192 237.2572 
22.1107 122.1248 143.1121 287.2902 
43.0654 104.2905 179.7861 327.0374 
25.9059 90.6225 140.8886 257.3411 
25.3132 83.7125 157.0123 265.7455 
23.3901 92.4182 179.8155 295.5705 
21.7221 78.0458 139.2204 238.9182 
28.1952 79.1278 160.3116 267.5513 
32.2521 84.0055 145.5182 261.7443 
28.2102 79.5021 134.7628 242.4555 
28.4509 123.3076 149.2131 300.8676 
26.4104 91.2945 186.4408 304.1248 
24.3430 82.9830 154.8080 261.8286 
25.8899 97.4451 172.1830 295.4966 
22.3970 81.8358 216.9326 321.1163 
24.2795 105.3343 202.7211 332.2957 
25.1102 114.0952 152.7410 291.8459 
23.7911 96.0329 175.4203 295.2068 
29.4726 83.3309 202.6426 315.4098 
25.4105 88.4308 179.0852 292.8891 
22.0207 93.5886 178.7324 294.2342 
28.9061 83.7187 212.9899 325.6156 
21.8878 109.5627 203.0506 334.4769 
31.2287 106.9302 177.1534 315.2588 
28.5277 87.0138 206.2853 321.7803 
23.6160 76.2888 220.5560 320.3776 
29.4980 91.4265 171.4496 292.3000 
21.9323 93.7673 219.1256 334.8583 
27.1297 84.9722 180.4462 292.5294 
23.3637 88.5057 215.1463 326.9048 
23.4200 86.5390 220.8728 330.7862 
24.0987 100.5082 214.3596 338.9246 
28.2360 92.6328 181.8964 302.6574 
22.5106 92.9040 309.7032 425.0894 
26.7923 100.5486 189.6974 317.0027 
36.4556 103.2255 199.7380 339.2955 
29.5766 100.7011 190.1734 320.3898 
27.0396 102.1438 263.7333 392.8821 
25.5325 88.0540 197.6509 311.1823 
212.0124 87.9646 431.9170 731.8437 
22.3707 84.8019 189.3084 296.4584 
26.0652 92.7608 167.9266 286.6693 
25.7065 81.5384 157.5621 264.7863 
22.1850 245.1253 174.5112 441.7686 
26.1062 94.5995 168.0310 288.6923 
21.3974 95.3424 198.2571 314.9198 
25.6802 