148.6671 25.5907 23.3494 197.5576 
31.4620 104.0190 128.1911 263.6221 
17.9914 63.1834 96.9189 178.0600 
21.4785 72.3122 108.2487 201.9985 
18.9811 58.8028 90.5126 168.2479 
26.2642 68.5261 127.3205 221.9609 
24.3177 76.5288 105.0728 205.8402 
20.0772 57.0565 101.2356 178.3157 
28.7669 70.1402 97.0197 195.8943 
31.5034 109.8019 119.3630 260.6381 
25.9507 79.7559 150.4394 255.8869 
23.9638 70.7134 101.4589 196.0971 
22.8924 94.8022 97.9125 215.5935 
32.2371 73.4896 104.5630 210.2356 
21.4594 67.6082 107.0936 196.1020 
23.5745 72.9770 104.5321 201.0316 
21.1447 69.2603 123.3742 213.6991 
25.3627 91.3769 134.6989 251.3599 
24.2338 79.2093 167.0162 270.4166 
21.0159 67.3660 124.7619 213.0723 
22.1355 83.2462 129.1272 234.4230 
30.6024 78.7200 120.0845 229.3308 
20.9042 71.4312 108.6281 200.9062 
21.4295 65.6612 119.7338 206.8054 
22.8298 65.2534 110.8459 198.9105 
23.7358 58.0905 101.6800 183.4602 
19.8150 66.2438 121.9277 207.9217 
19.6039 79.3531 137.1054 235.9761 
18.0544 70.0560 108.8724 196.9460 
20.7172 64.5235 105.8052 191.0140 
17.7793 59.5152 106.6994 183.9769 
17.6834 54.4971 107.5084 179.6299 
23.2619 66.5429 98.9173 188.6975 
20.1307 62.2486 105.1433 187.5049 
18.0695 59.6097 155.2035 232.8327 
17.0150 60.0267 102.2673 179.2904 
16.4974 55.5128 101.9843 173.9776 
18.9564 61.1139 104.8136 184.8277 
17.1753 57.4028 111.4471 185.9305 
20.6131 66.3912 133.8281 220.8091 
16.7273 58.1971 112.2555 187.0987 
20.1263 64.3563 101.7222 186.1881 
20.1510 74.6902 97.7015 192.5019 
19.0072 65.4249 108.7347 193.1484 
20.3094 74.9530 110.8461 206.0078 
20.0852 76.0873 125.3420 221.3996 
20.0132 58.3682 99.0672 177.4292 
22.7062 76.6147 98.2204 197.4891 
24.2870 64.0396 95.5264 183.7826 
25.2281 134.6904 95.3506 255.1961 
19.0813 60.4409 106.7251 186.1818 
18.6237 61.5867 98.4839 178.6302 
25.3144 82.6553 105.4002 213.3305 
22.9277 80.1264 109.2881 212.3333 
18.7445 78.6180 97.8679 195.2157 
22.7130 55.4929 99.2869 177.4781 
20.6266 58.3593 95.3177 174.2863 
23.7101 67.0033 106.9563 197.6224 
19.3624 64.1499 93.9126 177.4065 
25.7170 89.8139 95.6326 211.0775 
20.7391 64.2584 98.8124 183.7893 
23.7383 64.4479 111.2969 199.3928 
26.8878 65.6120 119.5030 211.9562 
24.1813 62.5784 101.3615 188.1030 
24.4971 82.7041 96.9248 204.1073 
23.6294 58.2579 110.5848 192.4435 
23.0697 72.2624 122.9214 218.1980 
24.8054 50.0340 103.0114 177.5480 
19.5952 62.6460 101.8831 184.1116 
20.5189 76.0218 126.5364 223.0396 
17.1430 51.0542 108.2262 176.3911 
20.3139 60.2380 100.1376 180.6395 
20.4991 70.2554 107.0582 197.7444 
19.7214 73.4160 116.3337 209.4554 
18.6253 68.9038 109.7448 197.1759 
21.8242 72.3096 115.4542 209.4954 
27.6041 92.8723 128.9884 249.4318 
21.1743 64.4777 109.5347 195.0927 
18.6954 59.7467 102.7646 181.1592 
26.7404 80.5182 112.9272 220.1530 
20.9820 57.6032 113.4452 192.0127 
25.5469 87.0043 115.3188 227.6771 
20.5398 85.9906 116.7424 223.2376 
27.1234 92.5607 135.0004 254.6118 
21.6973 93.0506 119.4693 234.1566 
23.3761 72.8954 115.6327 211.8607 
23.0373 65.9888 120.8448 209.8013 
20.1917 74.1359 232.9303 327.1403 
22.0519 67.8832 106.1375 196.0313 
23.0407 72.1011 156.1663 251.2015 
20.7244 72.1107 108.7975 201.7012 
26.3228 99.1864 125.8639 251.1116 
18.5861 109.9672 238.7419 367.1781 
26.4061 109.1070 122.2703 257.7126 
39.2800 77.3520 118.6113 235.2380 
24.3348 69.3992 117.1136 210.7951 
25.2593 80.6463 138.8284 244.7140 
34.9437 118.4056 152.1497 305.4774 
30.3872 86.7841 122.5790 239.6792 
24.1674 102.5048 182.4611 309.1027 
35.5438 111.8734 308.3954 455.7846 
27.5561 82.1484 315.1019 424.7096 
30.6857 130.0962 139.0147 299.6738 
26.7783 91.0202 126.7257 244.4393 
19.5615 65.6689 127.0746 212.2161 
19.3158 60.7439 117.1176 197.1409 
23.6153 81.7123 119.7877 225.0398 
24.7122 82.7362 112.8031 220.2088 
20.8819 69.0569 114.6105 204.5146 
21.5854 69.0019 153.0168 243.6050 
22.2397 86.3697 143.7626 252.3400 
20.1369 80.3631 161.6876 262.1672 
21.6052 77.7010 177.8588 277.1344 
25.9816 78.8401 147.6428 252.3788 
21.2172 79.2670 114.3105 214.6565 
22.7523 79.0393 115.0123 216.7394 
21.4390 86.9394 166.2322 274.5609 
19.7309 77.0132 119.3927 216.1202 
21.7827 72.5578 120.1322 214.4075 
22.1097 71.7375 320.1677 413.9026 
22.3885 76.7702 150.9950 250.0427 
25.8785 72.6418 122.0808 220.5885 
26.7407 92.5961 125.8815 245.0700 
20.6851 79.5455 149.7106 249.9266 
23.4580 72.8240 128.5426 224.7212 
22.0840 71.1361 126.3213 219.5089 
20.2913 65.2690 118.3678 203.8854 
23.7821 70.3482 120.1743 214.2887 
20.2937 71.8580 128.7652 220.7550 
21.3981 64.9391 133.2220 219.5277 
21.3106 74.1511 150.3103 245.6759 
25.5560 96.5580 153.8553 275.9375 
33.6918 92.2459 133.9557 259.8329 
22.4373 97.0340 213.3832 332.8122 
21.1096 88.0851 149.5376 258.6805 
24.0065 107.0408 149.1624 280.1619 
22.2457 74.8298 133.6510 230.7044 
26.0371 114.9689 144.3778 285.2884 
23.6348 95.9595 133.9232 253.4998 
27.4948 80.9484 143.4303 251.7798 
22.4884 62.7859 161.9470 247.2021 
18.8851 74.9060 162.6248 256.3695 
19.5582 77.3632 143.4114 240.2968 
30.3306 94.3172 140.3340 264.9283 
25.1323 105.5377 170.9400 301.5700 
20.6891 73.1140 159.6597 253.4100 
21.2407 86.3462 152.2660 259.8045 
23.0389 83.5594 168.9340 275.4781 
28.9244 97.7344 182.5201 309.1473 
19.9599 85.5625 155.8165 261.2548 
17.4524 96.0423 146.0223 259.3066 
20.7860 67.9853 113.5576 202.2770 
21.4686 80.1778 147.4987 249.0749 
17.2845 72.7554 147.8278 237.7700 
21.5672 69.3331 113.2817 204.1476 
23.6700 70.8570 139.4385 233.8853 
18.8532 65.7304 110.4231 194.9712 
24.0573 92.7260 122.5077 239.2566 
20.1301 74.2828 127.7667 222.1209 
18.2654 69.6171 147.9264 235.7016 
20.7328 85.8225 124.8568 231.3229 
19.9707 58.5643 105.6424 184.1180 
20.6158 61.8734 136.0875 218.5637 
16.2056 59.7894 112.2165 188.1264 
20.1314 78.1301 103.6925 201.8899 
23.5736 87.9539 117.7047 229.2017 
16.1528 55.9171 120.0406 192.0204 
16.0290 54.6530 99.9771 170.5613 
19.6169 79.1180 121.9931 220.6105 
18.1250 56.6872 117.7269 192.4987 
25.8147 68.7608 130.5228 225.0182 
18.8541 60.6051 96.3834 175.6722 
21.7664 70.8136 104.9948 197.5218 
24.4009 78.1381 110.6196 213.1347 
24.9660 82.3303 124.1115 231.2791 
18.4860 65.2399 101.1905 184.8373 
24.2281 94.2037 112.1393 230.4921 
18.0965 92.7199 139.7649 250.5385 
18.0277 65.2721 125.7566 208.9653 
17.2337 75.4790 154.1427 246.8082 
20.1868 93.6023 115.6926 229.4354 
18.7976 80.6898 152.4809 251.9130 
19.4480 73.8384 114.8890 208.1575 
25.8166 81.4892 125.7050 232.9426 
24.9613 88.1889 125.8492 238.9229 
25.2890 116.5277 111.6796 253.4634 
19.0081 69.0845 120.6994 208.7203 
17.5956 71.6395 134.1213 223.3319 
28.0720 76.9082 112.5336 217.4927 
20.1077 75.1300 118.6934 213.8604 
22.4313 95.0684 126.7996 244.2853 
19.6484 66.9888 107.6845 194.3061 
19.3166 71.5916 133.3341 224.1728 
25.0160 80.2583 128.9352 234.1394 
19.6633 71.2283 125.2473 216.0998 
21.4446 72.1685 150.4195 243.9906 
19.1336 71.3332 119.7141 210.1602 
18.6279 90.3066 139.0305 247.9293 
42.9117 92.9814 146.7451 282.5999 
19.8607 85.0968 119.2122 224.1276 
17.6748 65.3491 114.2421 197.2493 
19.3486 74.2102 103.5305 197.0741 
17.0165 67.6395 116.9914 201.6062 
17.5191 63.5350 103.8158 184.7994 
18.1527 71.7122 120.7437 210.5774 
16.1687 69.9818 128.7109 214.8294 
18.4637 67.4062 117.6551 203.4970 
24.8718 80.9697 135.4922 241.3002 
16.1395 63.0734 137.2803 216.3648 
18.8164 95.3787 123.3805 237.5285 
23.7432 69.9171 121.9293 215.5064 
18.3671 90.0013 110.4936 218.7431 
15.9721 82.9719 123.4043 222.2746 
15.4788 60.7732 119.8631 196.0684 
15.7301 59.9709 96.8293 172.4934 
15.1652 67.8888 121.7980 204.8060 
15.2075 55.1538 106.8160 177.1289 
17.0372 61.9914 113.7242 192.7020 
12.8079 55.1355 105.5647 173.4068 
17.4569 62.1756 189.0543 268.6642 
15.2311 58.4792 116.5398 190.1593 
16.0414 58.8668 101.1870 176.0731 
20.3098 70.2104 105.7643 196.2692 
17.1017 81.2995 133.0656 231.4328 
19.1856 71.8264 104.8580 195.7828 
16.5546 56.2358 98.8750 171.6247 
23.8180 76.9513 94.3113 195.0531 
16.6572 58.9379 108.9341 184.5098 
17.3329 79.9889 122.1794 219.4442 
32.1604 96.1319 109.1613 237.4227 
17.5339 95.9388 116.2789 229.6481 
18.4073 60.6326 101.3259 180.3673 
17.4569 80.8599 111.1889 209.4559 
17.3980 62.6034 100.8081 180.7518 
19.6202 75.6673 112.5311 207.8275 
17.6833 62.9094 142.6145 223.1683 
16.7014 72.7215 114.7157 204.0678 
23.1155 71.6630 105.9532 200.6971 
19.0544 70.2178 131.0410 220.2301 
15.7820 71.5579 192.9780 280.1611 
16.1566 68.7082 120.4964 205.3393 
21.0271 87.5442 108.7729 217.3049 
19.9256 61.1046 131.7367 212.7297 
15.0544 70.9650 126.7618 212.7471 
15.9707 67.6652 133.0365 216.6382 
13.5689 58.7730 127.2388 199.4793 
16.1971 87.5686 142.4188 246.1696 
15.5644 58.6519 108.7240 182.9077 
15.7118 62.0855 152.4167 230.1471 
15.5754 64.4255 108.1203 188.1046 
22.6298 70.3132 113.4230 206.3475 
22.7370 75.9223 113.2495 211.8762 
18.1896 66.2874 108.1162 192.5608 
15.6649 64.1608 123.5625 203.3475 
17.8503 66.7154 138.8151 223.2853 
20.1492 73.7710 152.8488 246.7274 
18.8722 68.3813 136.7586 223.9334 
18.3659 76.5521 160.1251 254.9841 
18.9004 96.7198 166.2777 281.8836 
19.9312 69.3808 174.2672 263.4505 
20.7551 80.4308 109.4018 210.5717 
19.2880 89.5352 129.5556 238.3585 
18.1081 65.8257 118.8106 202.7014 
20.1672 66.1422 114.6736 200.9157 
27.1446 101.4468 133.5428 262.0992 
20.2399 64.4558 131.9254 216.5230 
21.6246 99.4824 123.3089 244.3570 
25.4691 95.0386 138.2382 258.7181 
26.6674 81.3888 105.2951 213.3325 
20.9588 96.4265 123.4590 240.8242 
17.8582 58.5641 110.3353 186.6791 
19.3890 68.5376 117.5040 205.3998 
16.6189 59.7685 103.7692 180.0369 
17.1140 63.0121 111.5894 191.6988 
17.9528 66.9141 160.7525 245.5253 
18.5592 86.8028 118.1669 223.5144 
19.9972 85.7715 122.5528 228.3076 
20.1106 71.0531 117.9504 209.0515 
18.9853 66.4843 111.3010 196.7063 
24.6259 97.6863 128.9807 251.2298 
17.9448 56.3873 127.4444 201.6796 
21.3982 62.3509 134.2149 217.9322 
30.8862 92.9240 131.7494 255.5154 
21.5188 70.5096 125.7088 217.6567 
25.7859 88.3531 134.2476 248.3555 
20.9033 80.2377 151.0108 252.1206 
32.7592 113.8602 131.1974 277.7655 
24.9156 72.7730 159.3116 256.8654 
22.5608 66.8703 138.0118 227.1784 
21.9738 67.5095 120.8523 210.3187 
31.4165 68.5212 117.0507 216.9716 
20.6237 64.0566 157.2170 241.8369 
19.9437 77.0349 120.9535 217.9176 
20.9163 85.6444 136.8167 243.3379 
21.2936 72.6521 128.9052 222.7480 
21.0452 71.1788 130.2704 222.3984 
18.6849 66.9935 122.4057 208.0678 
20.3471 72.6789 122.2527 215.1498 
21.2100 65.2019 128.2751 214.6514 
19.9077 94.1081 313.8403 427.7382 
18.6313 61.7950 128.1650 208.5459 
19.3747 70.9756 133.7046 224.0298 
24.4180 74.1614 111.3675 209.9319 
18.0652 61.2145 129.1983 208.4555 
22.4903 70.4748 121.4803 214.4290 
16.9385 63.1272 118.5332 198.5161 
18.6000 72.8614 123.4025 214.8064 
25.9782 68.3624 115.5879 209.8710 
17.6428 71.0732 90.6513 179.3501 
18.1213 63.3008 96.7715 178.1733 
17.7280 59.8418 94.7042 172.2207 
18.9308 69.7703 93.9148 182.6165 
18.7316 62.1881 101.9289 182.7384 
19.3979 62.6084 100.1661 182.0934 
21.0809 62.0836 89.2120 172.2352 
19.0967 66.1391 81.8265 167.0085 
22.5898 63.0780 90.5817 176.1690 
24.4824 77.4217 87.1003 188.9305 
19.4530 62.7991 98.6845 180.9176 
18.8006 79.8379 106.6187 205.1998 
24.7173 65.7691 90.4640 180.9073 
30.0563 83.2049 107.3944 220.6395 
18.7389 70.2495 118.2820 207.1938 
23.9195 71.4513 86.5984 181.9407 
24.4333 71.3278 101.9457 197.6611 
20.1839 60.9250 91.6781 172.7527 
21.8188 66.3251 87.4916 175.6175 
20.8143 62.5225 122.1692 205.3992 
18.0907 66.5650 96.5234 181.0355 
17.8137 60.6400 93.1865 171.6209 
17.3457 58.2376 95.3051 170.8693 
24.4128 76.6461 101.3984 202.4236 
25.2035 80.5902 102.0188 207.7078 
18.5306 64.7343 100.2444 183.4746 
20.5533 93.4008 110.3460 224.2851 
23.6216 77.1211 114.9440 215.6525 
18.5691 60.9001 99.4098 178.8604 
18.6761 67.6764 99.7794 186.1182 
20.3813 87.4196 134.3918 242.1032 
16.5656 67.3714 109.0734 192.9696 
20.3573 83.0035 102.9915 206.2889 
14.6120 67.1224 125.8210 207.4926 
18.1179 91.4525 155.0267 264.5458 
14.9048 61.8664 100.6796 177.4001 
16.5358 96.0198 111.6870 224.2057 
23.5780 82.0506 101.6016 207.2158 
16.1289 70.5307 103.0980 189.7397 
17.5285 69.3361 100.3235 187.1052 
25.6792 88.9793 105.6090 220.2364 
16.4094 63.5242 94.7765 174.6944 
17.6576 71.9258 90.6051 180.1420 
15.8841 59.7000 111.5265 186.9484 
15.8202 74.0197 101.5958 191.3809 
15.7901 63.8891 89.0898 168.7513 
18.0248 67.3433 93.4299 178.7282 
16.8107 65.2147 91.1957 173.1970 
18.8119 68.5373 105.7295 193.0330 
19.9687 69.5163 91.8092 181.2799 
20.4063 61.8508 92.7930 175.0027 
16.7847 64.6532 128.3704 209.7826 
15.8502 66.8850 113.7082 196.3964 
20.1116 67.4985 84.1314 171.7395 
14.8989 70.2523 86.7515 171.9168 
14.5535 56.5546 90.2013 161.2734 
14.5006 69.8340 91.9661 176.2411 
15.3106 60.1639 104.2131 179.5983 
14.3153 52.7706 84.3720 151.4097 
14.8700 71.6657 109.8570 196.3760 
13.6810 64.7662 83.6193 161.9815 
16.4205 70.2315 89.2840 175.9008 
10.1677 57.2760 113.1870 180.5635 
9.5163 60.3910 108.5727 178.4411 
12.0796 57.4390 103.5664 172.9815 
10.0545 51.6412 92.2322 153.8357 
9.5907 48.6705 77.2158 135.4626 
13.4895 65.0454 89.9212 168.2115 
10.2968 51.4039 85.8144 147.2092 
12.1664 56.2524 99.1984 167.4468 
14.2837 71.1233 106.2615 191.3540 
16.1957 72.6607 105.6693 194.4951 
12.4371 110.7352 99.9417 222.9297 
14.5260 72.4848 85.2108 172.1105 
14.3945 61.5962 79.6876 155.6483 
16.5735 66.7131 81.6368 164.8978 
14.9414 59.7387 95.8486 170.4193 
16.9955 82.7890 82.5526 182.3189 
21.3742 74.9925 82.1643 178.4447 
18.1256 51.5444 81.9021 151.5564 
19.7313 64.4536 93.1504 177.2719 
19.1173 76.2723 117.0530 212.4204 
47.7115 79.8475 87.9925 215.5340 
21.3453 64.0683 92.3817 177.8627 
18.3192 74.1911 124.1944 216.6727 
23.6395 60.8464 90.3567 174.7949 
18.5276 72.2590 82.2577 173.0308 
19.9323 60.6179 81.1035 161.6385 
19.2155 60.6807 89.3731 169.1400 
20.0380 61.7030 99.4613 181.1436 
23.2382 91.4113 92.8291 207.4450 
19.8638 89.4479 109.4979 218.7768 
18.5560 77.4894 116.3242 212.3348 
20.7015 69.8011 94.9734 185.3675 
30.6080 69.3517 91.4464 191.3698 
18.3047 92.1396 120.5773 230.7537 
21.0872 90.3600 94.2370 205.6522 
22.5746 73.7098 128.1654 224.3428 
21.7658 73.0880 118.6578 213.4890 
18.6146 77.1301 123.2884 219.0085 
20.8348 63.1689 108.2103 192.1377 
26.0238 88.7138 104.4124 219.1183 
22.3523 89.5772 100.5683 212.4469 
22.6671 80.1720 111.8191 214.5758 
19.7030 73.5754 159.6597 252.8418 
19.8651 71.3516 102.8632 194.0596 
21.1279 74.6545 106.5562 202.2802 
20.0561 73.7045 106.3593 200.0800 
20.1049 70.4400 113.8765 204.4039 
31.0796 80.7846 132.0395 243.8340 
20.1611 74.7641 117.3214 212.1617 
20.8048 71.8872 163.9501 256.5831 
20.5532 80.4112 172.5350 273.4675 
20.2382 79.7239 128.3732 228.2676 
30.0658 73.1656 122.5588 225.7030 
20.5220 94.8423 137.4871 252.8080 
20.3987 86.0612 140.0402 246.4286 
20.5367 79.0881 129.0026 228.5911 
25.0906 97.2014 150.1527 272.4058 
21.9246 91.9337 130.6173 244.4388 
19.9702 70.9683 150.3102 241.2090 
23.7344 99.3394 119.2743 242.3151 
25.7794 73.0773 116.5735 215.3731 
19.5602 73.0159 113.8105 206.3751 
26.7219 75.7851 105.1273 207.6167 
24.8588 83.1509 111.6323 219.5864 
18.9200 69.3366 109.7450 197.9603 
17.2539 72.7113 101.0959 191.0118 
17.3880 75.6071 145.8819 238.8628 
17.4859 75.8323 115.8674 209.0807 
22.5934 96.5674 103.1651 222.1780 
17.7498 70.0398 111.4583 199.1843 
18.4369 77.9707 122.9308 219.3236 
23.6014 65.7285 109.7918 199.0876 
17.2050 64.8845 106.5232 188.5900 
23.8989 66.9496 103.0605 193.8690 
23.9185 99.9484 128.7181 252.5461 
19.7491 77.8221 110.8247 208.3550 
20.6806 72.0754 141.6233 234.3324 
21.2414 80.4855 126.1208 227.7907 
22.3310 80.7817 123.1562 226.2097 
19.5014 74.9519 136.3917 230.7527 
20.5855 65.0876 123.9290 209.5630 
20.0242 61.1685 99.9915 181.1663 
20.4035 61.9586 100.4891 182.8479 
22.7435 62.2148 97.9203 182.8243 
21.1588 76.0180 113.1385 210.2454 
21.6979 67.5525 98.6950 187.9267 
21.7508 77.5248 143.8215 242.2402 
18.4303 58.4473 90.3403 167.1988 
22.3176 72.4638 91.5844 186.3501 
20.5177 74.2250 159.5415 254.2505 
21.7198 81.0630 133.0618 235.8176 
21.3099 66.2848 110.6961 198.2692 
20.9406 64.9828 117.6210 203.4780 
24.9577 67.1377 101.0566 193.1429 
24.3111 73.0694 158.7102 256.0488 
22.1123 63.7739 119.5159 205.3397 
23.0181 67.9348 153.5379 244.4505 
21.7143 60.1262 130.4744 212.2231 
26.6572 80.6469 145.1914 252.4187 
23.6076 98.2352 116.7231 238.5809 
20.5790 66.3802 120.5986 207.3652 
20.1936 60.7315 102.7751 183.6808 
19.0934 60.3825 107.5357 186.9941 
25.2084 71.4799 113.5268 210.0406 
20.6647 64.3670 109.1234 194.1253 
20.9684 57.7135 144.1818 222.7630 
21.0402 71.9850 127.5808 220.4812 
28.1368 65.2473 153.2809 246.5709 
21.5524 71.6593 136.6628 229.7766 
20.6034 60.3551 436.7666 517.6738 
26.2290 64.8565 112.0327 203.0920 
19.7585 66.4703 146.4763 232.6734 
23.4352 63.3964 108.7437 195.4793 
21.3206 62.4617 111.2649 195.0287 
19.5605 74.7961 134.8913 229.2149 
20.9263 62.7916 140.3735 224.0490 
25.2144 58.9134 119.4232 203.2579 
23.9159 72.3411 118.6122 214.7631 
19.2492 70.6043 128.0947 217.8779 
27.7197 67.5901 134.1617 229.4558 
24.3348 76.8244 117.6062 218.7006 
21.0352 62.8967 112.4857 196.3834 
22.0402 67.5995 122.8156 212.4303 
20.8198 82.0597 114.8242 217.4685 
19.2806 68.2045 118.0878 205.3753 
19.8540 76.9051 139.6718 236.2321 
23.7131 84.5010 120.9719 229.0612 
17.9509 65.2740 119.1693 202.3017 
18.6029 64.0526 153.5622 236.1922 
19.6647 71.6516 138.5560 229.8306 
26.7911 62.8505 106.3216 195.9308 
19.2570 91.0041 120.8337 231.0631 
18.2887 58.4255 139.3966 216.0429 
27.3192 79.9478 139.1413 246.3967 
17.2485 68.8691 132.3479 218.3770 
24.3808 72.6700 120.7335 217.7230 
19.9583 69.5931 126.6282 216.0254 
20.3868 89.8647 147.6461 257.8407 
19.8239 66.9166 162.6742 249.3714 
17.4547 60.1726 113.2922 190.8760 
21.6445 68.2533 119.4551 209.2871 
19.4407 62.5879 124.0666 206.0125 
18.5898 75.2625 126.9923 220.8295 
17.5161 77.8716 169.7622 265.0785 
19.7045 68.6938 137.9691 226.3303 
18.4530 69.8143 145.9169 234.1355 
19.8460 72.0442 125.6793 217.4856 
18.8096 69.7745 122.1644 210.7234 
19.6053 69.9806 124.0450 213.6193 
20.1727 71.3165 178.7658 270.1588 
23.4975 433.8685 117.9485 575.2929 
23.6227 76.0626 141.8208 241.4915 
21.1860 73.8812 127.4352 222.4763 
21.6733 78.8636 120.7204 221.2187 
22.2967 84.9703 141.0373 248.1923 
22.7578 68.3214 121.7449 212.7860 
21.0512 66.6932 130.7384 218.4357 
24.5974 66.2911 117.9082 208.7456 
21.8205 67.2972 149.8205 238.8507 
20.4543 61.9176 118.9034 201.2576 
27.8572 71.0631 130.3056 229.2086 
20.8865 65.0904 145.5438 231.4551 
21.1295 71.1376 133.1643 225.2454 
21.3337 85.4558 162.4861 269.2453 
21.1287 82.8305 131.7391 235.6839 
22.2969 120.7571 123.8755 266.9196 
22.6906 102.9446 157.5817 283.2007 
24.8320 97.7442 163.5677 286.1006 
23.8412 67.9191 149.3598 241.0804 
18.9950 57.1615 367.3490 443.4638 
18.5740 62.2245 120.7902 201.4937 
19.9052 76.5829 140.0541 236.4847 
19.2492 73.5232 196.7812 289.4274 
20.2387 95.3771 133.7687 249.3426 
18.5912 79.9645 127.1723 225.6737 
20.4576 70.8666 114.3851 205.6423 
24.5311 90.9567 126.9868 242.4588 
16.6298 70.2388 115.6938 202.4634 
15.8433 69.6690 131.9109 217.3662 
20.4610 78.8313 126.5774 225.8179 
16.7020 77.3816 127.3681 221.4371 
17.6054 69.2686 113.1077 199.9701 
22.8893 66.7291 137.9198 227.4251 
12.9155 55.3177 125.1458 193.3014 
14.7020 70.0693 117.3608 201.9610 
15.5810 60.1285 111.4101 187.0871 
13.6658 56.1709 118.1738 187.9082 
14.2628 60.9924 127.3149 202.5148 
16.6436 63.1544 118.4640 198.1660 
27.1356 96.5767 522.6945 646.3042 
22.4036 87.6993 129.5041 239.5777 
14.9160 60.7755 119.9632 195.6383 
22.4877 83.3851 150.4797 256.3324 
16.2450 64.6632 127.1120 207.9789 
18.2762 99.8193 133.9249 251.9404 
24.4948 97.7098 129.6058 251.7194 
22.1729 69.3021 119.1394 210.5756 
24.6285 72.3783 124.3366 221.2256 
19.7481 77.6153 127.2391 224.3390 
20.4378 65.5604 121.0612 206.8847 
19.2542 64.8195 108.8749 192.8109 
21.9385 77.4714 184.5426 283.8444 
22.7255 100.2279 138.5307 261.4567 
19.7148 67.5773 102.6122 189.8257 
20.2236 74.1379 127.6867 222.0073 
18.4665 88.4492 132.7332 239.6361 
17.2832 65.5051 118.1509 200.9265 
18.3692 108.1566 146.3111 272.7486 
16.8647 74.1098 112.5435 203.4885 
18.6898 58.3399 118.4352 195.4082 
24.5920 84.3101 106.6339 215.2416 
21.9084 85.8193 129.9790 237.6938 
27.0960 131.8606 151.2321 310.1678 
23.8042 119.5409 229.2541 369.6649 
24.6164 85.5921 170.5016 280.6573 
20.7967 87.5240 123.1784 231.4348 
25.3657 113.9236 144.0257 283.2595 
19.6051 90.6901 176.9741 287.2000 
20.5570 55.8374 114.2446 190.5521 
21.5229 75.7453 155.4952 252.5277 
22.6835 132.8859 159.4386 314.9785 
28.7377 104.0236 185.5549 318.2296 
28.9537 71.9290 146.9960 247.7932 
22.8028 102.3324 163.0231 288.0660 
21.6191 83.3016 156.0493 260.9299 
24.1642 70.6943 204.1890 299.0104 
20.0643 86.9352 150.4685 257.4309 
19.0670 82.6129 148.6618 250.2741 
31.4603 72.7694 129.2559 233.5158 
18.3144 76.8662 899.3527 994.4649 
22.8844 80.1603 134.0816 237.1106 
21.1223 82.3999 157.5805 261.0852 
19.5651 76.3078 172.7001 268.5264 
18.9004 65.8358 124.9503 209.6671 
28.7634 86.1201 126.3280 241.1762 
20.3152 103.1385 141.2427 264.6491 
19.3879 68.1414 128.8043 216.2822 
19.5434 70.7327 128.7717 219.0146 
19.4594 66.6077 150.1459 236.1284 
20.8287 72.8313 133.1532 226.7532 
23.1753 81.6276 172.8500 277.5680 
21.7366 77.7066 184.3039 283.6609 
28.1328 85.5409 143.8491 257.3905 
17.1692 73.8499 161.4127 252.3373 
22.2790 69.7705 126.8674 218.8748 
16.6372 70.6031 182.7473 269.9415 
16.9086 57.9213 135.7882 210.5176 
24.7202 225.7757 161.1526 411.6067 
21.5947 92.3935 211.0988 325.0495 
17.7914 69.6891 185.5028 272.8626 
22.6040 67.9027 167.9280 258.3433 
16.8553 64.9082 152.2016 233.8539 
19.2711 72.7277 180.2870 272.1527 
20.1639 64.6195 165.4259 250.1589 
16.9620 63.1275 132.9992 213.0228 
18.5280 68.1745 138.7148 225.3406 
17.1367 73.6742 163.7786 254.5583 
19.4696 67.8040 131.1729 218.4100 
20.7000 69.6208 132.8398 223.1307 
23.0983 73.0218 150.2762 246.2458 
26.2139 74.2999 154.8964 255.3711 
23.0698 86.2180 157.1166 266.3470 
19.7652 81.5598 136.9330 238.2239 
19.3270 104.1574 179.0197 302.3073 
35.2818 118.7770 157.0574 310.9680 
18.8311 83.7946 156.7334 259.2866 
23.7872 66.8740 196.4898 287.1102 
22.6983 70.8418 220.3328 313.7562 
28.8959 85.8667 215.0012 329.7545 
23.7127 64.4566 428.2095 516.3042 
19.4618 59.8655 123.5630 202.8205 
23.4166 83.2830 158.9324 265.5583 
25.4094 74.2363 139.0219 238.6514 
20.2145 73.9398 134.2695 228.3714 
19.9128 69.4604 120.5839 209.9356 
18.0727 67.0017 167.0405 252.0471 
19.2706 62.4687 148.3981 230.1203 
20.1948 74.2304 164.6064 259.0125 
18.9599 66.5314 151.0340 236.4941 
19.2998 76.6137 287.3381 383.1898 
18.1091 60.4150 159.6537 238.1431 
20.4102 60.6999 142.6096 223.7009 
18.2423 61.6890 134.2292 214.1425 
18.6257 58.0410 142.5613 219.1942 
18.6298 62.6178 125.1582 206.3467 
20.7452 63.5376 167.5750 251.8423 
21.4614 66.5316 153.2897 241.1626 
20.9586 69.7010 184.1566 274.7675 
16.9670 90.6359 171.1493 278.7073 
34.8966 113.9846 547.1814 696.0292 
18.1781 59.9532 203.4285 281.5000 
22.0016 72.5683 242.0343 336.5064 
26.3483 76.7041 155.5836 258.6018 
22.5581 73.8880 164.2252 260.6084 
21.4773 62.7415 165.2020 249.3223 
20.5481 64.6545 161.9409 247.0231 
19.2802 68.3769 158.5468 246.1845 
20.0944 76.0135 165.8194 261.8557 
20.9594 69.1529 226.2151 316.2728 
18.5520 72.1502 145.2975 235.9684 
17.9303 63.7412 154.0507 235.7053 
23.3331 96.1609 173.7688 293.1670 
15.8159 64.5331 143.6486 223.7959 
18.2990 92.0025 165.2687 275.5359 
16.6998 72.3251 162.7328 251.7402 
17.7131 70.4503 146.2237 234.3455 
19.3357 66.8688 177.2789 263.4343 
17.5398 64.0244 195.6604 277.1268 
19.1714 67.8225 172.8776 259.3263 
18.3834 66.0443 627.6326 711.9674 
17.9947 104.6123 198.0949 320.6104 
23.1328 78.3874 482.0194 583.3317 
29.5435 102.7580 193.2119 325.4858 
24.1114 102.5714 206.8555 333.5084 
22.0146 85.6521 185.5381 293.1744 
22.7254 82.2742 201.5600 306.4171 
21.0554 105.7833 193.8599 320.6366 
30.4019 109.5376 175.9777 315.8921 
20.7224 67.8496 164.2398 252.7946 
20.9862 73.7554 173.3835 267.9994 
19.9980 66.4471 187.1627 273.4947 
20.4694 67.5952 150.8827 238.9139 
21.0389 76.3552 168.8679 266.2073 
20.9529 78.0668 159.5684 258.5712 
20.9332 73.9265 163.6621 258.5014 
20.7818 81.6109 165.9452 268.3154 
22.7619 103.2418 164.7862 290.7607 
19.3913 67.9078 160.3998 247.6514 
20.9943 69.3713 189.6585 279.9169 
19.6044 72.3485 175.6399 267.5706 
26.0584 77.9215 188.1193 292.0235 
24.3077 66.9739 167.5598 258.7954 
19.1532 68.8529 154.7027 242.6370 
19.8427 80.2545 179.3175 279.3823 
23.3590 69.7990 161.5513 254.7068 
20.6031 67.5706 156.1190 244.2392 
20.7817 91.6999 207.9600 320.3207 
20.5849 69.4662 149.3492 239.2655 
24.1529 95.1384 172.4510 291.7235 
20.6943 66.1694 187.5001 274.3318 
20.3558 70.2732 148.9677 239.5977 
23.0046 76.7402 151.1158 250.5876 
19.1270 69.5648 151.4414 240.1130 
20.9010 69.9829 153.4622 244.3141 
20.6822 65.8553 154.3519 240.8714 
26.3199 67.2928 147.7250 241.3201 
21.2746 63.4381 150.8411 235.3303 
21.3948 67.4201 140.2727 228.8934 
20.8687 65.9338 153.7256 240.4948 
21.3070 61.7980 1071.2112 1154.2348 
19.5920 66.2838 135.7078 221.5240 
18.8148 64.0349 190.1550 272.9807 
24.0498 71.7422 135.7687 231.5477 
19.5899 63.1624 138.6389 221.3276 
25.6810 82.3491 159.5239 267.5223 
25.2076 76.9073 137.0263 239.1272 
17.9900 62.6934 154.8370 235.5005 
20.8651 66.1474 134.5829 221.5950 
19.8258 68.2296 155.6280 243.5917 
19.4125 69.8971 134.0318 223.0927 
18.5066 71.1018 138.5291 227.8936 
19.9525 61.7748 141.5999 223.0341 
19.4318 66.8700 146.0431 232.1232 
19.4717 81.0819 139.5393 240.0762 
19.3464 64.8058 139.3357 223.4512 
20.0193 68.4294 138.3594 226.7840 
20.7892 62.1522 139.1535 222.0607 
20.7489 64.0621 133.5612 218.3159 
21.4151 69.2085 154.4383 244.9910 
20.8634 66.8850 161.1903 248.8923 
17.4934 68.1216 156.5608 242.1454 
19.6698 61.9640 157.5571 239.1584 
22.6788 63.6691 149.5311 235.8612 
19.7344 63.2182 165.4983 248.4317 
19.2777 64.8282 159.5413 243.5649 
20.8780 64.0508 198.1572 283.0491 
19.5206 69.8956 180.8236 270.1926 
20.3681 62.7711 139.0521 222.1366 
23.0125 69.1249 125.9668 217.9282 
18.3366 65.2319 118.1627 201.5411 
26.3450 95.4102 126.6270 248.2309 
22.0704 65.0857 125.4139 212.5527 
22.1152 70.4807 120.6215 213.1100 
19.5587 76.1813 123.7051 219.4284 
18.8043 62.4282 155.7715 236.7126 
19.9185 67.3459 117.4729 204.7224 
18.1812 61.5748 120.0889 199.7830 
17.9632 59.2715 121.8844 199.0753 
16.7197 60.3219 117.1141 194.1033 
16.1318 63.0444 481.4258 560.3716 
17.6061 55.6470 184.5004 257.6994 
14.6966 54.2216 115.6424 184.5274 
14.8884 51.2611 113.8228 179.9216 
21.9458 64.7085 117.3357 203.9389 
15.5761 60.5466 124.6694 200.7590 
21.2432 58.7464 133.3226 213.2057 
17.7859 56.3195 126.3590 200.3951 
16.8530 63.1249 122.5011 202.4464 
17.7782 57.2489 126.8834 201.8371 
18.7995 80.8726 147.4889 247.1055 
17.4457 59.8154 126.4519 203.6941 
26.4025 61.4261 131.0925 218.8883 
16.9069 57.2241 123.8379 197.9537 
17.2598 64.7199 191.8995 273.6723 
22.1642 68.4529 154.2802 244.8066 
21.3336 76.8319 132.4033 230.5493 
17.9169 61.6577 168.6149 247.6134 
20.1600 62.1166 133.3203 215.2805 
17.7294 66.0232 153.2908 236.6837 
19.4370 68.0742 550.6260 638.0737 
16.2193 53.1736 120.8634 190.2184 
17.1180 62.0792 131.9356 211.1143 
16.7836 61.4766 136.1219 214.3199 
18.2455 82.4017 142.8512 243.4236 
25.2873 64.6847 137.2384 227.0790 
17.7757 58.9506 138.1281 214.6795 
17.6282 65.0955 137.9041 220.6116 
18.5273 61.0618 135.8228 215.3897 
17.4036 63.6067 137.4708 218.4476 
19.2619 74.7360 135.5141 229.4812 
18.5436 66.7231 141.9899 227.1652 
17.9828 61.3956 155.0162 234.3336 
17.8844 62.4813 140.7451 220.9832 
20.7460 68.4010 144.0061 233.0775 
21.0117 67.1670 149.4937 237.6181 
20.3524 63.7062 146.5742 230.5979 
18.3834 72.1530 152.4735 242.8900 
18.6338 65.7598 142.5818 226.9573 
19.7115 67.5349 160.6264 247.7819 
19.8775 79.4056 387.0687 486.3042 
18.7961 62.7435 152.9520 234.4570 
19.7075 59.3957 213.0129 292.0314 
18.4855 62.1323 173.4549 254.0394 
20.0388 65.9050 177.0605 262.9820 
22.3610 89.6809 176.3375 288.3131 
19.1974 67.0202 183.3591 269.4583 
23.0569 70.1425 194.2915 287.3028 
18.8611 69.8744 155.6052 244.1784 
22.8660 89.1120 172.2529 284.1811 
19.6580 64.6982 149.6836 234.0257 
20.3333 67.6781 190.9360 278.8921 
31.1175 67.0466 149.2865 247.3724 
20.0787 75.2647 145.2497 240.5555 
18.4338 58.2813 143.6413 220.3410 
20.8041 68.2824 154.4393 243.4813 
21.0296 63.6491 140.2147 224.8767 
26.7053 91.8193 159.5122 277.9715 
23.1368 73.1351 156.8726 253.1146 
23.4053 78.0277 153.3338 254.7271 
21.6739 81.2735 1159.5698 1262.4540 
22.4073 78.6514 189.4593 290.4852 
21.3657 99.9608 170.7858 292.0984 
21.7946 80.6692 178.3632 280.8061 
22.5237 71.5868 186.4314 280.3937 
22.2726 72.8404 156.1649 251.2493 
23.4998 72.7086 144.7452 240.9307 
31.3579 92.2588 146.8772 270.4768 
22.2352 67.0173 142.1442 231.3770 
25.5735 63.6378 132.2958 221.4720 
20.1218 63.1515 503.1800 586.3878 
20.9736 63.5761 151.1163 235.6013 
20.0135 66.4498 144.2324 230.6077 
21.4176 65.8771 156.3150 243.5240 
20.1691 68.7022 141.6023 230.3174 
23.6219 80.6098 138.7510 242.9486 
20.5407 64.2033 167.1528 251.8551 
23.1927 72.4765 144.9762 240.5616 
23.7913 72.5177 131.3859 227.6775 
20.6441 72.2568 178.1531 271.0326 
21.3962 64.6339 691.2558 777.2493 
35.6840 90.6230 145.5594 271.7841 
22.2545 61.9280 153.4022 237.4078 
23.2791 87.8569 167.7869 278.8251 
20.2381 62.7631 173.3909 256.3410 
21.2495 68.3333 141.5647 231.0230 
18.5426 59.1304 142.4158 220.0696 
34.8909 78.3499 143.5630 256.7667 
23.8258 89.5964 158.2462 271.5797 
22.7620 76.4666 161.8910 261.1022 
30.3948 86.5964 136.2408 253.2196 
20.3768 91.5154 154.6190 266.4523 
19.7950 75.3071 139.4863 234.5674 
22.9079 76.9001 216.1764 315.9537 
18.8945 61.4449 137.1802 217.5170 
19.9650 60.0895 132.2191 212.0718 
17.7978 58.5503 136.5735 212.7632 
19.9956 62.9263 139.7013 222.6033 
16.9815 57.7758 134.2872 208.8439 
17.1069 56.1763 162.1553 235.3418 
17.6795 58.6790 420.7710 497.0444 
25.0108 61.5232 132.5372 218.9870 
17.4712 71.7271 157.1552 246.3158 
17.8082 67.3918 156.7315 241.8574 
16.5685 55.6322 129.9872 202.1699 
23.4362 79.4298 161.7861 264.5856 
15.7630 57.1112 124.1642 197.0202 
22.4825 78.1805 154.4822 255.0583 
16.1488 60.1921 148.4348 224.6792 
17.1910 78.9576 193.8717 289.9306 
16.1489 53.5518 186.2798 255.8150 
19.7068 70.7980 163.7010 254.1672 
18.5989 76.6269 152.0302 247.2234 
25.3706 66.1301 127.2626 218.7423 
18.0969 69.4884 153.4410 240.9865 
19.0654 81.1219 195.7496 295.8687 
23.3666 65.1455 175.8822 264.3428 
20.6147 83.6166 168.9667 273.1660 
19.1528 73.7018 214.6757 307.5165 
21.2788 106.8592 201.9541 329.9897 
20.6006 73.2836 200.4799 294.3167 
19.0607 73.2747 207.8759 300.1174 
22.3282 68.7652 191.2470 282.2542 
23.2825 83.2038 145.3256 251.7605 
22.3548 72.9901 159.7653 255.0538 
20.3795 76.5717 153.4592 250.3908 
25.6320 88.1419 142.2995 256.0399 
19.1981 61.3553 166.0407 246.5186 
23.2473 88.3460 185.8951 297.4638 
17.6439 80.6396 161.7610 260.0068 
19.2437 57.4804 115.1239 191.8292 
19.1045 63.8458 125.5419 208.4282 
28.1883 87.5473 140.9536 256.6457 
25.1123 77.9950 193.5651 296.6250 
24.3513 71.0718 129.5424 224.9471 
19.2835 70.6830 136.6834 226.6348 
19.4911 68.2002 125.1952 212.8414 
20.6994 66.2171 128.0394 214.8736 
21.5841 68.5600 126.4833 216.6062 
20.8306 70.9837 188.4496 280.0963 
25.6339 130.6876 1050.0263 1206.2725 
30.2290 132.0188 232.5609 394.7645 
22.2572 89.4555 201.0899 312.6259 
21.4518 90.6940 175.2293 287.2818 
20.3817 75.9887 149.4889 245.7985 
19.3626 123.4958 216.1893 359.0247 
26.4237 85.1306 159.2835 270.7198 
21.3981 74.8358 120.6534 216.8765 
21.4075 112.9589 211.9164 346.1856 
17.9460 75.9833 163.9042 257.7096 
31.9687 107.4037 172.9653 312.3070 
19.4032 91.3371 166.2569 276.6754 
18.7023 89.9200 165.3796 273.8892 
25.5180 70.7965 123.4365 219.7153 
20.0232 64.2370 167.4998 251.6577 
17.0666 71.5759 119.1667 207.7892 
17.4445 433.6657 146.2659 597.3327 
21.1434 68.2309 151.9816 241.2869 
17.9960 76.9439 148.7623 243.6646 
23.0275 69.6171 122.5935 215.2208 
18.8639 80.9555 738.8883 838.6276 
23.3509 80.1336 130.6638 234.0622 
21.8132 66.8366 138.8797 227.4001 
24.1272 106.6456 115.7784 246.5389 
19.4104 57.9579 130.0793 207.1431 
25.5615 83.8579 141.0023 250.3695 
20.6915 66.5255 112.5114 199.6685 
19.7790 68.4943 114.6886 202.9442 
24.7970 83.2121 137.1408 245.1266 
17.2884 60.5205 121.0935 198.8355 
17.9652 62.5436 108.3220 188.6365 
17.2250 65.6784 128.7022 211.5549 
17.3209 62.6370 105.6237 185.5202 
23.9807 71.5740 110.1894 205.6574 
18.4208 77.3024 116.8493 212.4378 
15.7097 70.3688 117.3864 203.4501 
15.6712 65.1324 94.6551 175.4229 
14.6683 51.3529 113.6281 179.5777 
25.5289 62.8812 100.9699 189.3493 
16.2067 56.2158 95.7416 168.1077 
16.1209 52.9363 674.0141 742.8560 
13.7262 54.4713 90.4260 158.5620 
27.1243 81.0272 109.2653 217.3499 
19.2595 57.1464 106.0689 182.4566 
17.4443 75.0979 124.5738 216.9539 
17.0711 71.5569 116.1487 204.7500 
19.2325 79.1923 132.6749 231.0812 
16.9447 58.4593 102.1421 177.5291 
24.4088 69.1508 110.9326 204.4760 
20.7931 65.1256 108.5148 194.4186 
14.2056 62.4270 110.9848 187.3106 
13.6437 53.1532 126.6083 193.3764 
16.2961 62.5100 141.5392 220.3251 
16.5163 75.6545 162.3316 254.4251 
24.1243 60.3452 126.6656 211.1175 
16.6911 102.0778 156.1354 274.8537 
14.3843 77.5909 141.5201 233.4094 
16.5889 85.5999 201.1695 303.2661 
24.1388 104.3758 144.3182 272.7223 
14.5338 68.8656 191.5516 274.8310 
17.8773 61.1739 212.8732 291.8645 
21.7756 81.2485 186.0119 289.0127 
20.5689 82.6586 231.8305 335.0152 
16.7375 58.5390 210.7758 286.0189 
28.2517 130.8951 210.1263 369.2177 
21.5902 100.9348 195.4031 317.8687 
26.1275 103.3252 160.8840 290.2927 
39.8800 86.1392 198.6559 324.5856 
28.0820 100.8270 151.8087 280.5456 
21.1217 105.8060 188.2735 315.0950 
24.2612 94.9815 211.9994 331.1522 
18.2988 80.2433 187.2641 285.6731 
23.0804 126.8453 150.9801 300.8602 
23.2796 68.9886 155.2720 247.5092 
20.1183 91.2563 180.8502 292.1704 
43.8082 222.1753 243.5397 509.4937 
31.3505 161.1582 176.7337 369.1744 
20.0914 95.1331 194.7858 309.9629 
35.0764 120.2059 138.1921 293.3910 
18.2699 69.7966 192.1184 280.1003 
36.4343 149.2102 409.8616 595.4519 
25.3489 89.2953 134.9868 249.5938 
27.4646 70.9651 182.6104 280.9092 
27.2267 104.7771 140.5682 272.5359 
19.5345 78.6531 163.1025 261.2463 
21.3695 85.2783 148.3921 254.9452 
20.7908 87.7426 184.1284 292.5711 
33.1701 99.6147 161.2311 293.9534 
34.3360 118.9456 156.1500 309.4193 
30.0818 126.7990 163.4388 320.2552 
30.7072 105.8620 160.4403 296.8656 
23.1756 91.1076 178.2890 292.4575 
26.2143 81.2938 162.0875 269.5429 
19.9544 64.2513 192.7965 276.9665 
23.0790 89.5975 192.8617 305.4946 
30.5314 112.6855 161.2339 304.4369 
24.2454 101.8045 148.9068 274.9240 
22.9774 79.7592 177.3387 280.0174 
23.9930 99.0878 200.2532 323.3031 
23.0942 82.7882 182.3973 288.1905 
24.0489 82.1416 298.9962 405.1362 
33.3085 101.6233 193.3275 328.2190 
21.7836 112.5325 186.0364 320.2990 
31.6223 127.3823 196.0582 355.0301 
27.5063 132.7543 214.8787 375.1059 
22.9291 71.3005 280.0337 374.1306 
28.0008 116.4764 211.1015 355.5434 
20.1787 90.2989 247.7177 358.1524 
18.8443 102.2308 247.0200 368.0121 
27.5535 98.6411 180.4643 306.5942 
23.3338 92.1922 185.2523 300.5960 
18.9275 78.4485 162.4603 259.7277 
25.2861 151.7622 190.0783 367.1000 
23.5414 87.3966 148.8721 259.7449 
20.8696 83.4004 192.5254 296.7486 
21.4369 68.4103 145.3882 235.1893 
26.2313 88.7578 155.6055 270.4250 
17.5708 84.0891 145.8588 247.3425 
21.0711 73.1524 170.7172 264.7534 
24.1410 73.0660 156.1724 253.2157 
20.2100 86.6625 249.3411 355.9796 
21.0402 73.8548 144.7174 239.5771 
19.5103 67.3301 185.7827 272.5163 
21.0065 109.1739 183.3668 313.4699 
18.3472 74.5796 172.6118 265.4926 
18.8313 62.7387 146.2545 227.8053 
29.2226 76.4062 168.7900 274.3534 
20.5859 87.8002 156.6617 265.0211 
24.4785 76.1505 134.2290 234.7219 
21.0473 65.7036 153.2633 239.9103 
23.3406 64.8903 141.3670 229.5765 
22.5025 75.9621 126.3055 224.7308 
21.3059 69.5414 147.7877 238.5897 
22.4290 91.3419 159.7277 273.4553 
21.1132 65.7390 137.5105 224.3272 
19.2380 63.6813 154.1761 237.0640 
20.2691 63.3994 129.7089 213.3430 
20.2561 85.4140 136.6442 242.2789 
18.9613 64.5486 139.5640 223.0325 
24.1420 82.9533 155.7299 262.8081 
18.1765 61.6768 345.2424 425.0036 
16.7621 78.7285 187.5070 282.9145 
18.5233 70.7779 155.6651 244.9502 
21.3152 67.4982 148.6194 237.4132 
20.4256 74.6771 161.3014 256.3167 
16.0065 96.5013 172.3738 284.8494 
17.2693 57.3285 157.3484 231.8961 
23.4523 84.1307 148.7331 256.2551 
19.2574 56.4892 155.5710 231.2748 
22.3252 74.4610 147.5217 244.2827 
23.8590 67.8645 145.3651 236.8717 
22.5869 81.7435 170.3066 274.6187 
23.5695 75.0901 173.7955 272.4215 
22.1977 83.6960 145.9886 251.7443 
20.1927 71.6933 161.1017 252.9549 
19.4435 94.9952 167.8395 282.1832 
21.8961 108.1482 143.2389 273.1129 
17.7723 66.3650 191.1247 275.1500 
22.0981 58.9049 127.8595 208.7874 
18.6309 63.5643 171.3267 253.4895 
20.4476 61.1817 469.0313 550.2105 
20.3300 82.1392 156.0335 258.4869 
25.1721 57.4805 158.9915 241.6271 
19.0022 67.0090 154.5961 240.5311 
20.2178 61.8583 137.2648 219.3213 
19.0821 61.5106 134.3745 214.9015 
26.4895 69.1684 154.3849 250.0032 
23.9714 97.5079 141.9560 263.3691 
17.2021 54.5841 158.7997 230.5201 
17.7718 56.9919 119.6895 194.4603 
19.9413 72.1992 159.7264 251.8497 
19.2670 67.8427 150.6536 237.7264 
19.0213 69.7891 187.9502 276.7199 
24.4798 74.5291 161.1381 260.0638 
18.8422 75.8243 197.7449 292.3258 
20.1258 91.6399 193.7222 305.4570 
21.3916 68.3597 131.2601 220.9697 
25.8722 75.3580 124.2519 225.4481 
22.4589 67.7297 136.6370 226.7791 
20.4202 62.6234 121.4677 204.4942 
22.5366 72.2483 200.6798 295.4446 
23.8186 85.5838 137.1546 246.5291 
21.1971 68.3584 128.2516 217.7086 
25.2588 78.0668 124.2452 227.5266 
18.7863 56.2282 121.6097 196.5790 
22.9669 63.6602 120.4995 207.0747 
19.4145 64.1755 122.1283 205.6972 
19.4649 69.6977 124.6348 213.7480 
20.1480 61.6064 117.5774 199.2776 
19.9325 68.3160 118.8269 206.9854 
17.4033 63.1062 137.9748 218.3493 
27.1466 74.8186 123.3072 225.1870 
17.2741 80.7272 143.4682 241.4185 
15.1682 57.6715 120.6712 193.3672 
17.5807 62.9104 126.5088 206.9223 
19.5181 60.2380 117.8491 197.5852 
21.2254 61.5219 117.4276 200.1576 
19.0331 95.1689 139.1488 253.0827 
18.2859 65.3496 160.5778 244.0152 
18.9795 79.7035 153.0165 251.6645 
21.6852 75.6291 410.4038 507.6490 
20.1427 61.3398 175.0796 256.3566 
18.6090 103.7944 140.7617 263.1541 
18.4550 55.7663 126.5119 200.6910 
18.1786 66.0777 119.9229 204.1390 
28.5203 57.4489 187.0120 272.9343 
24.4506 78.3688 148.4152 251.1855 
20.2318 70.3252 135.7521 226.2186 
18.4251 81.7613 212.1535 312.3198 
21.5473 75.5412 272.7505 369.7847 
18.7716 73.1144 148.3853 240.2047 
27.4464 77.3311 116.2569 220.9814 
21.3123 60.8674 128.0982 210.2265 
22.2709 69.9027 143.8363 235.9705 
21.4448 68.2243 149.8033 239.4463 
21.6623 95.6186 165.2848 282.5470 
23.7002 78.1122 158.3772 260.1016 
26.0078 76.7232 145.4417 248.0742 
18.3310 60.7688 242.0823 321.0884 
21.1069 99.2196 195.1892 315.4384 
23.7205 70.1704 518.9578 612.6848 
20.2261 70.2543 254.8646 345.2907 
22.3958 63.1028 168.9329 254.3557 
31.3323 60.9774 160.5223 252.7983 
19.9972 60.6423 167.9631 248.5401 
18.9219 62.0094 161.7382 242.6331 
20.1152 69.8796 154.4815 244.4449 
20.9530 68.5537 142.7373 232.2080 
18.0749 65.4700 145.0304 228.5587 
21.4213 62.2876 133.1774 216.8530 
18.6073 61.9059 123.8754 204.3875 
21.8425 71.1811 167.9502 260.9202 
27.5608 67.4998 134.0152 228.9637 
23.0436 68.0780 137.3273 228.3838 
21.4825 78.9157 195.4376 295.7536 
21.6588 67.5031 147.1381 236.2635 
22.6023 71.2768 152.5892 246.3326 
21.7076 71.5326 156.5156 249.7573 
24.9843 73.2064 168.5723 266.6859 
18.0108 58.6200 172.4538 248.8385 
26.8683 89.2563 361.0741 477.1130 
19.2556 77.6425 161.7334 258.5734 
23.5728 86.8850 152.4357 262.8579 
21.5709 64.8329 140.9707 227.2663 
23.0342 67.3175 169.4004 259.7094 
19.4964 64.2692 135.4132 219.0993 
20.8324 56.7965 123.1130 200.7019 
19.1478 59.7276 124.6202 203.4806 
19.2777 67.8933 122.3101 209.4539 
15.1861 54.3651 120.8499 190.3560 
16.7019 69.7962 115.0104 201.4808 
16.9185 52.1831 110.7158 179.7490 
12.3394 59.4050 114.4397 186.1330 
12.9744 60.0199 111.2644 184.2166 
17.5319 51.7903 109.8805 179.1659 
10.6643 49.3807 115.8074 175.7847 
15.0782 48.4002 112.6709 176.1014 
16.7715 58.1410 135.7183 210.5912 
11.1176 46.8951 128.6319 186.6129 
11.0209 48.4626 120.3770 179.8055 
14.1413 50.8441 159.2448 224.0843 
11.9925 45.4131 120.4624 177.8604 
14.2991 48.9225 116.9755 180.1652 
14.5891 47.2530 115.5218 177.3437 
14.8016 48.5340 123.1229 186.3677 
21.5921 69.6637 129.3841 220.6014 
15.7525 54.0692 129.8244 199.5534 
17.0901 52.0459 111.1590 180.2736 
16.4428 54.0696 114.2021 184.6868 
17.6002 54.8117 114.9655 187.3133 
18.2974 59.7814 128.4198 206.4393 
19.8666 57.5817 125.4186 202.8481 
26.6956 67.6515 160.9574 255.2732 
19.3260 60.8387 140.1290 220.2787 
19.0884 60.2797 146.6568 226.5720 
19.3233 53.3021 124.7116 197.1770 
23.2808 68.5921 166.8516 258.6692 
30.4038 69.5807 122.6838 222.6501 
18.8630 80.2237 157.2303 256.2626 
20.8464 59.6493 162.2248 242.6757 
17.2090 55.6105 1222.2077 1295.0109 
18.1128 51.5923 150.1645 219.8461 
22.8613 71.4478 136.2284 230.4465 
17.2873 64.3703 156.0878 237.6424 
18.9431 65.0106 149.0860 232.9815 
19.0075 63.3918 140.0986 222.4847 
19.3798 63.5768 183.6578 266.5935 
21.0604 63.9889 185.4238 270.4379 
17.1950 56.8552 152.9118 226.9426 
17.0582 91.5450 217.3222 325.8808 
17.8041 74.5992 138.0431 230.4271 
19.5708 66.9651 183.8712 270.3052 
17.7348 61.7167 137.1972 216.6219 
26.1698 72.9368 172.7634 271.8312 
17.4742 55.6186 145.7335 218.7833 
17.7855 55.1045 196.7360 269.3922 
17.1147 59.7723 181.0186 257.7204 
17.5457 70.0865 175.7138 263.1019 
17.7590 64.3458 172.5056 254.5224 
18.4880 72.0989 180.4112 270.9600 
17.6791 61.3698 230.8061 309.8018 
16.6275 57.6078 165.0570 239.1005 
15.2447 57.5016 144.0422 216.7281 
21.4931 177.1225 302.0175 500.5630 
33.2989 77.9646 182.2362 293.4682 
17.4463 74.0314 202.2251 293.6622 
18.4115 76.1407 184.4679 278.9617 
18.6585 66.2194 160.1315 245.0071 
78.1913 101.4358 192.9814 372.5778 
17.7654 59.6987 785.2020 862.6074 
21.5827 72.7937 266.3824 360.7429 
19.3851 127.1049 193.0256 339.4842 
22.9909 111.7103 291.0375 425.5613 
29.5579 96.6127 194.5787 320.7142 
22.3011 99.1346 201.6155 323.0020 
22.2689 82.6859 208.8655 313.7646 
20.7042 83.2483 192.3099 296.1920 
24.0850 82.5447 193.2126 299.7851 
22.3621 82.5549 186.2812 291.0974 
23.5039 88.9899 161.6330 274.0431 
24.2210 132.1782 293.1751 449.5307 
159.7153 136.7063 234.3105 530.6376 
24.0234 118.4898 263.8618 406.3233 
29.2663 88.0144 252.5455 369.7182 
27.4061 112.6917 229.8970 369.9526 
21.1326 70.9681 245.0431 337.0595 
28.7969 135.5331 252.1129 416.3764 
17.2490 67.1678 215.0409 299.3781 
24.6181 95.9298 171.3794 291.9091 
17.5573 69.7486 249.9847 337.2582 
22.2649 71.2246 204.2402 297.6987 
22.5001 75.8508 160.2988 258.5658 
22.3151 85.3119 159.0692 266.5724 
18.4781 69.7568 186.7657 274.9450 
22.8023 65.5532 166.7866 255.1095 
17.5847 81.1858 199.6491 298.1684 
20.2821 91.8784 170.2572 282.2342 
20.0109 97.6390 171.8047 289.3992 
19.2029 74.8212 181.0856 275.0083 
20.9808 71.5249 235.0009 327.4549 
25.6858 85.6798 356.3868 467.6828 
21.9906 78.7118 258.5295 359.1320 
25.3972 118.9012 218.4365 362.6735 
25.0365 82.3103 170.6661 277.9758 
21.5523 135.2857 171.4015 328.0896 
26.1220 72.7229 202.4985 301.2604 
281.9279 78.5202 196.4677 556.8224 
16.9750 64.4196 188.1984 269.4926 
19.0195 57.4986 168.0455 244.4973 
19.3502 92.9571 196.5525 308.8611 
20.2498 70.5977 370.9959 461.7718 
21.7246 60.8603 168.9886 251.5120 
15.6757 66.7594 167.2214 249.5152 
20.3121 58.7837 182.3497 261.4191 
23.4512 73.5511 195.3917 292.3128 
28.1433 90.4294 162.6839 281.1832 
23.4761 145.8657 179.9912 349.2634 
19.0672 80.5628 180.7297 280.2871 
21.3933 80.5597 170.5214 272.3841 
23.7689 61.1005 190.3535 275.1216 
20.1618 68.9846 192.5801 281.6925 
23.2778 74.2269 161.6631 259.0393 
28.4590 106.2053 204.5237 339.1464 
17.1644 59.1341 273.7592 349.9616 
19.3921 80.5603 184.7876 284.7283 
21.1888 62.8972 160.0948 244.1630 
22.4068 70.9446 208.0607 301.3368 
22.6732 85.9446 179.1070 287.6405 
17.2789 51.5031 199.8925 268.6351 
20.0918 62.8059 168.1551 251.0169 
22.5332 93.9795 179.4888 295.9862 
16.3853 72.1324 143.8165 232.3164 
15.4277 57.4933 170.1316 242.9627 
17.4247 58.2958 143.4261 219.1106 
15.3455 50.4304 139.4952 205.2394 
14.3262 50.7656 146.4601 211.3702 
15.6246 61.2294 163.2365 239.9262 
23.7950 64.1720 155.6919 243.6438 
17.4355 82.5800 195.9745 295.9572 
16.0728 52.7781 186.6169 255.4051 
18.6919 69.5743 394.6909 482.8744 
14.5583 52.9029 146.4496 213.8946 
15.2573 59.1786 191.8947 266.2943 
15.8758 73.1765 171.5540 260.5824 
23.5405 76.1346 170.4046 270.0615 
16.4610 74.7783 178.5988 269.7799 
23.1873 71.8289 190.3022 285.2509 
16.6231 64.3878 165.6969 246.6273 
21.7860 90.0222 164.4326 276.2634 
17.5090 66.4436 160.7474 244.6629 
22.0427 75.6686 162.3888 260.0820 
20.5493 71.6057 221.3521 313.4855 
18.1395 60.0993 169.4760 247.6921 
17.7911 65.4325 185.6724 268.8697 
19.0794 64.0851 186.3738 269.4518 
18.5149 61.0745 173.7021 253.2043 
19.2016 73.8210 191.2194 284.2183 
20.3793 72.9094 187.6939 280.9402 
22.1219 87.1446 171.1445 280.3955 
19.1146 65.2769 185.6368 270.0081 
19.4560 65.9442 192.0524 277.3235 
22.3654 70.7202 163.4326 256.4756 
22.9901 72.3272 186.2303 281.4742 
21.1024 68.1938 177.1388 266.3754 
20.9990 80.2035 201.8264 302.9944 
25.9352 76.9831 188.0467 290.9430 
20.8775 70.3504 182.4477 273.6044 
19.1038 92.2968 194.1055 305.4908 
18.1911 63.1953 153.7046 235.0566 
22.4851 79.9565 173.1947 275.6033 
21.8136 62.8077 166.7675 251.3416 
17.1478 67.2113 209.9430 294.1877 
19.1089 97.9111 175.7872 292.7940 
16.8425 65.7363 175.0492 257.5952 
18.7438 70.4056 155.3326 244.4319 
15.4561 58.1569 159.2216 232.8017 
13.9344 57.6617 155.0187 226.5951 
22.4165 59.4091 170.5376 252.3250 
16.4694 56.1182 178.7400 251.2369 
16.8839 59.5622 188.3694 264.7371 
15.9524 59.1688 183.7185 258.8065 
17.9126 70.8732 191.1431 279.8952 
18.8388 65.4677 163.5553 247.8277 
20.3256 68.8361 176.9339 266.0149 
17.9329 61.6245 163.0979 242.6360 
18.4579 69.0698 162.2224 249.7164 
18.7834 64.4588 159.9109 243.1318 
19.0341 58.1686 164.6407 241.8077 
18.0632 59.6802 164.9411 242.5451 
16.9736 61.5538 158.7744 237.2810 
19.5039 78.8625 185.5888 283.9071 
19.8865 60.5045 176.5600 256.9292 
17.9985 60.8978 157.9808 236.7214 
23.5896 67.3589 167.5122 258.4267 
17.0617 60.9729 154.7938 232.8127 
18.4032 62.6689 153.5093 234.5670 
15.7708 56.5732 153.3146 225.5559 
17.4331 62.8487 149.3164 229.5791 
16.3244 53.7608 156.2695 226.1218 
16.6522 58.7992 141.2082 216.4691 
16.5457 55.7318 205.9750 278.1279 
20.2148 58.3535 143.7482 222.2065 
21.7206 58.7596 145.5760 226.0413 
24.1979 64.1272 163.2736 251.5800 
20.9468 55.9939 148.7456 225.6689 
16.6774 63.5150 159.5507 239.6996 
18.6968 60.8813 156.6830 236.0402 
18.8307 127.6050 179.4682 325.8722 
19.3872 59.8388 202.8337 282.0224 
17.5703 54.2496 190.3103 261.9802 
23.5820 66.2406 226.1381 315.7915 
18.3317 61.6704 213.8490 293.8277 
23.9775 70.6908 226.1422 320.7790 
20.3174 69.1276 215.5577 304.9075 
22.3701 64.6417 219.7646 306.6243 
19.8127 84.0375 217.5314 321.3020 
23.8397 85.6120 233.9723 343.3597 
21.3188 70.1962 223.2000 314.6449 
21.7924 65.8472 246.0495 333.6560 
18.4919 131.4624 231.2960 381.1700 
25.3645 97.6362 278.8412 401.7778 
35.2918 98.9840 227.6381 361.7906 
32.3955 79.7555 228.1856 340.2876 
21.5573 90.5177 223.6970 335.7501 
22.5322 72.4258 226.7343 321.6029 
18.7525 57.5133 180.7586 257.0066 
17.6993 84.5715 215.7933 318.0059 
19.6513 69.0025 222.6516 311.3126 
17.4467 66.7874 207.7202 291.8908 
16.1111 66.3938 221.6704 304.1362 
16.5728 57.2448 183.2998 257.0774 
15.2690 59.5671 181.7460 256.5394 
14.8853 57.0965 175.1820 247.1239 
16.3259 56.8732 178.1568 251.3045 
20.1736 60.0538 206.1146 286.3048 
19.6181 64.7334 193.6502 277.9662 
16.6022 60.8272 213.9451 291.3395 
15.6671 60.3649 214.0459 289.9873 
20.5782 75.4248 228.3807 324.3631 
16.2148 62.0073 248.4567 326.6104 
18.0325 78.7443 702.1856 798.7508 
18.4825 117.9378 231.6178 367.9958 
21.8949 108.9213 216.0493 346.8304 
19.3166 64.6712 203.2814 287.2375 
21.9239 67.6518 253.5757 343.1227 
15.8320 61.8733 208.3631 285.9914 
19.4151 72.8414 228.6271 320.8446 
21.6697 68.4289 219.2107 309.2874 
20.8074 89.4018 228.0056 338.1560 
23.4450 80.6431 204.5030 308.5733 
26.3174 82.6447 206.8647 315.8108 
17.0244 67.8515 207.6115 292.4300 
18.6568 82.7123 219.8660 321.1249 
19.7190 72.5286 225.2220 317.3806 
18.9322 67.4594 197.2390 283.6106 
16.0192 57.6837 169.4245 243.0961 
19.9378 65.3217 203.3807 288.6219 
19.0520 66.6595 186.7574 272.4500 
19.7477 73.2241 212.8960 305.8197 
21.7368 73.2170 237.6201 332.5279 
19.5125 70.4931 688.4094 778.3370 
18.1711 58.1983 216.5289 292.8467 
25.2958 70.7488 223.3931 319.4223 
17.6112 62.6378 253.4678 333.6699 
18.3338 74.0232 241.9445 334.2700 
20.6124 66.7878 232.3087 319.6432 
21.2903 65.6002 228.0757 314.9504 
23.6348 77.4567 231.8032 332.8125 
20.8049 69.7698 279.0112 369.5566 
17.1452 63.8025 285.8084 366.7185 
18.6628 64.8607 222.6522 306.0563 
43.9422 96.1148 279.8110 419.8113 
17.5870 104.9789 256.3631 378.9077 
15.9636 65.1885 267.2675 348.3884 
22.4413 85.1649 237.7327 345.3073 
18.8553 73.5263 221.7062 314.0650 
21.0946 81.1665 290.2988 392.5008 
21.0596 84.3224 264.7670 370.0868 
20.3994 78.6057 254.3939 353.2802 
19.8286 72.2316 269.8858 361.9341 
24.3731 89.7320 1159.0817 1273.0348 
18.0853 57.9733 253.4829 329.4736 
16.9678 65.0155 241.0803 323.0420 
21.3319 65.7256 249.4966 336.5197 
16.9389 64.3903 217.1670 298.4579 
20.3546 99.5738 283.4092 403.3008 
20.1911 73.6192 244.3158 338.0167 
23.8166 81.0968 293.2422 398.1182 
18.4231 62.1925 248.2106 328.7193 
20.3108 71.3845 259.9407 351.5545 
25.9456 100.3778 238.8892 365.1732 
19.6368 69.6348 255.0039 344.1926 
19.0380 67.3317 499.5264 585.7776 
18.7597 64.1448 276.5008 359.3063 
17.8065 68.0188 279.9947 365.6481 
21.1489 66.6639 228.8735 316.5894 
21.2077 72.7769 279.7267 373.6543 
22.7945 64.7026 239.6537 327.1332 
18.5720 66.1826 268.0816 352.8163 
20.8316 75.9960 236.7187 333.5051 
24.0006 65.0917 271.6815 360.7201 
24.5891 87.6509 275.4371 387.6485 
19.0395 71.5672 293.5521 384.1259 
24.1363 74.3350 323.8607 422.3098 
19.9913 72.1297 261.8803 353.9643 
24.6272 82.3672 232.2566 339.2124 
24.0822 75.8533 371.5995 471.4358 
23.4529 67.1253 259.6490 350.1759 
20.1245 82.5481 239.0030 341.5315 
21.6727 68.3509 242.9348 332.9415 
22.6805 76.5259 208.0651 307.2531 
20.1396 63.2176 266.7234 350.0110 
24.6102 111.4124 260.4725 396.4635 
24.6375 64.1947 225.9258 314.7383 
20.4361 70.1798 276.5458 367.1434 
24.7849 92.9684 272.4648 390.1558 
21.1369 93.6901 263.7910 378.5676 
36.7023 100.4281 243.9070 380.9794 
23.6287 120.9705 262.9320 407.4179 
20.7927 74.9851 250.2645 345.9511 
21.0975 71.5556 358.2600 450.7676 
26.9082 83.1486 230.8652 340.8379 
20.8272 69.5007 211.5769 301.8506 
19.7085 59.0209 189.4445 268.1367 
20.1283 75.9768 241.7703 337.7379 
23.2279 71.8214 239.8613 334.8815 
19.8973 65.8511 287.8163 373.4513 
21.6430 69.7643 238.2366 329.6013 
19.8759 66.0907 247.2669 333.2008 
21.4914 57.7592 239.3054 318.4460 
22.2224 82.2045 207.7393 312.1340 
19.0789 68.6779 278.3402 366.0146 
19.6793 68.2661 230.2834 318.1818 
20.6482 71.9022 262.0009 354.5255 
23.2182 109.1279 225.9369 358.1936 
22.6519 72.0930 209.7590 304.4252 
22.4073 86.7392 217.0793 326.1836 
27.7793 66.8662 209.6010 304.2300 
29.8005 88.0074 211.2240 329.0184 
18.8381 63.7922 204.5526 287.1589 
21.0558 87.9329 291.2143 400.1656 
28.2974 76.5674 224.5029 329.3337 
21.0643 67.4203 199.3348 287.7845 
21.8022 72.8723 216.6219 311.2793 
19.6145 91.1916 227.8527 338.6173 
19.9049 76.7445 221.7721 318.2894 
23.8577 88.4196 232.5831 344.7506 
26.7032 89.4356 197.7752 313.8961 
20.2631 70.3056 232.9164 323.4383 
24.4853 69.0303 246.3709 339.7849 
21.2729 66.4179 200.8643 288.5204 
20.1777 62.0260 352.3942 434.5660 
20.6427 73.5425 228.7149 322.8738 
21.0962 64.7231 206.2830 292.0543 
21.3743 70.3613 198.6260 290.3171 
22.5803 79.6135 173.9534 276.1325 
25.8683 77.3132 170.9155 274.0807 
19.4806 76.1093 209.2172 304.7841 
21.0375 75.1692 203.0317 299.2161 
18.7518 64.8230 164.2974 247.8524 
19.6396 72.8789 265.7764 358.2502 
16.5049 58.3769 169.5399 244.3844 
18.1150 58.9650 163.2683 240.3486 
17.3398 58.4187 183.8036 259.4885 
20.8792 118.3694 158.7173 297.8763 
18.4864 78.7460 171.2401 268.4181 
20.5008 73.9236 171.2760 265.6732 
23.8347 93.3308 189.2550 306.4027 
17.1487 54.9848 172.4975 244.5816 
19.8675 62.7645 170.3660 252.9270 
21.4210 70.2365 168.2524 259.8953 
20.1189 91.1555 202.7121 313.9614 
21.5293 72.0484 177.6367 271.1986 
17.5826 62.0822 209.6560 289.2791 
18.2961 63.0339 214.4025 295.6926 
19.8474 60.5944 188.6018 268.9843 
19.7506 62.1759 209.8944 291.7560 
19.6739 62.3310 192.2281 274.1813 
18.9245 71.2680 203.4362 293.5557 
20.0230 68.3154 190.5632 278.8817 
18.4527 56.6683 693.8748 768.9288 
17.0212 73.5152 195.2860 285.7377 
17.4412 75.0969 215.2988 307.7479 
16.2892 59.2555 211.7261 287.2314 
23.5819 56.4059 189.6579 269.6266 
18.7312 61.0604 187.5817 267.3403 
16.7579 58.9201 186.7509 262.3763 
17.9829 76.2796 208.3969 302.6481 
19.3154 66.0885 221.7466 307.0690 
34.3318 76.9490 213.5442 324.7408 
16.3834 64.9335 246.5560 327.8041 
18.0409 73.0461 230.0958 321.1472 
23.7333 80.3745 214.1800 318.2032 
26.4029 113.0060 228.4682 367.8466 
22.0129 74.1420 209.8305 305.9665 
17.2843 73.8001 415.7114 506.6077 
19.4058 68.7562 201.4529 289.3849 
22.7378 105.4620 258.6790 386.8036 
24.7512 88.6149 235.8106 349.1407 
17.5732 74.5083 201.7413 293.6811 
18.7568 59.7132 739.0029 817.4456 
20.7428 64.7759 227.4968 312.9534 
19.2776 70.3310 208.6718 298.1878 
27.8238 82.9946 219.4066 330.1749 
20.0905 77.1389 253.8225 351.0571 
20.7039 63.4359 209.0459 293.0255 
22.4362 74.0180 245.3791 341.7897 
28.7878 85.1146 275.8362 389.5667 
19.4679 67.0026 227.0616 313.4124 
29.9810 89.9030 249.2626 369.0725 
31.8939 102.0790 212.9237 346.7953 
22.5376 63.8539 257.9076 344.1971 
18.5524 62.5404 207.1165 288.1763 
24.7949 73.8496 236.7618 335.3706 
22.4997 72.6318 207.7268 302.8248 
27.0481 89.9721 211.3991 328.3869 
21.2786 63.6751 209.9537 294.8750 
21.9679 72.8807 201.0115 295.8236 
21.3220 65.8942 192.2773 279.4562 
21.5593 69.2581 194.4689 285.2528 
20.7132 69.8538 1450.3908 1540.8268 
25.5108 74.9008 201.4441 301.8371 
30.1511 90.0904 193.5994 313.8248 
20.6655 68.4579 253.6495 342.7348 
25.0353 77.2556 288.8957 391.1430 
25.0962 101.9626 249.5065 376.5152 
24.4181 84.2499 257.2308 365.8532 
26.2434 87.2746 220.2618 333.7075 
22.7712 83.0623 251.1172 356.8536 
23.0249 75.7244 238.5140 337.2624 
22.9626 82.7325 232.6229 338.2862 
21.5986 99.6844 221.4195 342.6853 
22.2426 76.5429 261.8814 360.6324 
21.6035 73.4849 239.7998 334.7905 
21.6221 73.0978 261.4426 356.1252 
27.2604 75.6794 204.8939 307.8150 
21.6079 80.8757 229.1207 331.5848 
25.3955 91.1005 222.4986 338.9804 
22.5097 67.1678 211.2849 300.9289 
22.9517 76.3074 238.9537 338.1754 
24.4089 143.1117 277.5401 444.9847 
18.4996 64.8185 196.1994 279.4966 
30.2427 76.6398 187.1512 294.0155 
27.3397 94.8373 211.3049 333.3379 
21.7579 66.4976 249.9859 338.2073 
19.3607 61.7916 198.3960 279.5104 
21.5903 102.4450 232.6081 356.6261 
27.4216 84.0597 185.2316 296.6635 
23.2225 80.5262 205.2137 308.8680 
17.6640 57.3388 205.5906 280.5536 
18.0875 75.1847 166.2112 259.4660 
26.7452 87.1806 202.4303 316.3210 
26.8494 86.9942 185.4422 299.1992 
19.5356 61.5010 231.9287 312.8821 
17.7832 57.7995 156.2080 231.7716 
22.5684 73.2909 185.5650 281.3580 
16.2148 62.9876 222.6232 301.7893 
18.7777 61.8964 148.4501 229.1049 
17.7823 65.0981 145.5780 228.4437 
17.9501 66.1754 166.7001 250.7820 
15.4290 50.4360 346.7571 412.4677 
17.2443 62.7444 225.0201 304.9437 
17.7701 68.9489 498.5625 585.2290 
21.3865 66.2029 171.2101 258.7679 
21.2459 96.7382 178.9421 296.8846 
19.0075 51.3582 179.8786 250.1517 
25.4472 85.8177 161.5442 272.7078 
17.0624 56.1415 154.7564 227.9451 
19.8778 72.0518 212.2072 304.1044 
15.7858 58.2000 184.3447 258.2983 
18.4390 65.7231 165.3422 249.4736 
15.2924 55.4079 146.6211 217.2880 
17.2519 61.5864 180.7910 259.5892 
19.2296 59.0974 141.6852 219.9981 
16.5287 64.2301 173.8407 254.4064 
19.5754 60.0617 150.0673 229.5128 
18.5028 58.9617 163.4007 240.7563 
17.4640 81.0154 157.1280 255.5905 
23.5908 88.0032 194.6943 305.9536 
20.2236 74.6073 175.0919 269.8841 
20.4777 81.0592 200.7334 302.1524 
20.1056 65.5303 196.0571 281.4616 
17.1873 77.3966 195.1165 289.6466 
16.6876 67.6356 147.6212 231.9206 
18.8829 71.0670 216.3054 306.1703 
16.0306 52.9670 157.1306 226.0446 
17.7641 77.0116 173.8287 268.5903 
15.6843 60.9398 164.1243 240.6829 
19.3150 56.9766 199.8467 276.0913 
17.5010 62.3671 156.0563 235.9123 
19.8203 57.7043 170.1361 247.6478 
18.2059 61.6936 168.6799 248.5256 
17.5801 62.5842 166.6397 246.7705 
21.3035 76.9632 161.2905 259.5209 
16.1282 67.7215 214.4638 298.1143 
17.9435 65.4946 161.0790 244.4836 
16.2889 61.5826 132.0185 209.8628 
17.1603 62.8378 119.6496 199.6123 
19.0154 80.4867 149.2655 248.6788 
16.6482 92.4245 145.7153 254.7496 
16.9471 65.1492 210.2642 292.2955 
19.0523 68.8184 163.7040 251.5403 
20.6147 60.2824 110.8627 191.7068 
28.0217 102.9063 153.6708 284.5141 
17.9046 175.9167 128.4531 322.2575 
19.2716 59.0301 134.8645 213.1605 
23.4712 99.6340 156.8899 279.9289 
21.3315 68.3347 166.7387 256.2959 
18.9477 65.6019 125.9012 210.4204 
24.9867 93.4699 139.0820 257.5020 
23.1118 77.0558 175.0434 275.1253 
21.2395 67.7580 143.1524 232.1137 
22.9772 62.4046 172.5634 257.8911 
21.5301 66.7154 162.1416 250.3445 
19.1021 64.1113 146.8679 230.0882 
39.6966 67.6360 192.4712 299.7552 
21.9436 68.5511 146.0865 236.5449 
21.0868 80.8132 140.5720 242.3516 
30.3540 75.3682 137.2852 242.9871 
24.6973 90.6496 137.8025 253.0251 
20.7017 65.7015 184.5169 270.8159 
23.1115 81.7001 137.9169 242.6879 
26.2074 94.7450 141.0799 262.0140 
22.4116 70.4155 135.4907 228.2372 
20.9659 65.3130 137.0502 223.3044 
25.9116 67.0004 158.7281 251.5195 
22.6791 61.7109 147.6968 232.0652 
26.1233 78.8239 138.2334 242.9319 
23.8303 84.0860 136.5057 244.2476 
31.4101 70.7746 142.9805 245.0432 
17.1868 57.0958 144.2978 218.5481 
19.9955 66.6651 179.4050 266.0519 
20.8073 75.4523 158.2763 254.5036 
19.7546 61.3535 134.8448 215.9354 
19.7310 64.7083 186.6053 270.9721 
23.9496 62.3602 135.3016 221.5857 
20.1334 59.0239 167.5301 246.6446 
25.5719 61.1705 128.9263 215.6051 
24.2044 88.2323 178.3278 290.7497 
28.7394 71.2479 151.0019 250.9404 
22.8565 77.3961 155.1448 255.3886 
20.4779 69.1846 102.6049 192.1654 
40.2311 71.3590 126.6250 238.1827 
28.8215 92.8871 110.2311 231.9225 
21.1545 68.1081 111.4881 200.7303 
22.0792 75.1945 127.1375 224.2995 
21.0028 81.3171 136.4395 238.5726 
25.6550 112.0978 142.8136 280.5329 
18.8977 71.0040 108.3468 198.2127 
20.3201 77.6166 116.8022 214.6888 
22.1104 62.7500 113.1294 197.9594 
20.6531 67.3049 106.0412 193.9461 
21.2857 62.5631 105.0608 188.6642 
28.3536 80.1483 133.5835 242.0512 
20.5931 75.6755 102.4176 198.6354 
20.2633 62.5509 127.3920 210.0538 
48.0918 57.0803 86.4514 191.5759 
22.4874 72.5667 101.4988 196.5035 
21.3391 67.0382 113.1519 201.4283 
23.4702 70.8645 107.9281 202.2422 
51.6302 89.9514 158.7855 300.3322 
20.0772 64.1526 96.6416 180.8521 
24.5109 68.0895 107.7478 200.2750 
24.8880 78.2955 101.1346 204.2295 
21.9057 62.2866 98.1688 182.2617 
30.1236 86.7452 102.5179 219.2507 
26.4743 80.1543 167.6387 274.1757 
22.2189 76.3755 123.0864 221.6350 
22.3536 72.8796 107.3676 202.5170 
23.9297 71.2460 121.0638 216.1631 
21.4539 64.0881 107.3633 192.8814 
22.8226 86.8927 113.6979 223.3916 
20.9233 75.8008 99.2392 195.9120 
21.0232 62.9621 128.6736 212.6052 
19.7269 81.6020 114.9010 216.2123 
20.1426 84.2180 124.2982 228.6434 
21.6740 58.6433 116.1176 196.3971 
29.1649 81.6791 97.4975 208.2873 
19.5180 58.5584 92.0114 170.0682 
20.7530 76.3342 127.4841 224.5114 
18.6107 73.7093 152.3865 244.6602 
20.3065 79.2579 125.4758 224.9527 
17.1506 77.0092 123.9555 218.0417 
23.0612 84.3272 124.2114 231.5684 
23.9425 103.1395 115.9002 242.8868 
18.5259 67.6319 80.5764 166.7156 
18.5121 60.4880 83.6086 162.5720 
20.0636 67.2045 93.2659 180.4824 
19.1881 64.0174 85.0274 168.1984 
18.1503 61.2984 88.5997 168.0006 
23.0926 90.1685 98.3723 211.6201 
21.5030 60.3457 95.1290 176.8944 
24.2771 84.8501 114.3685 223.4707 
19.6254 69.7706 95.7374 185.0278 
18.7839 62.9211 120.1150 201.7829 
19.1155 77.5674 109.4236 205.9958 
21.8209 65.5842 122.4884 209.7316 
18.8429 70.5452 102.2982 191.6513 
22.4352 70.5267 101.3474 194.2755 
19.3584 66.0677 92.1659 177.5729 
19.2500 87.3870 297.5739 404.1371 
24.2644 91.5485 109.7056 225.4934 
14.4891 66.4097 90.2995 171.1286 
19.1323 79.1869 101.3122 199.5926 
18.3642 67.2567 103.2390 188.7279 
16.0893 52.5868 77.2226 145.8141 
17.1324 68.6570 86.0075 171.7799 
15.9095 58.3630 102.5922 176.8500 
20.6611 71.9919 79.9912 172.6098 
18.2540 53.6157 77.8044 149.6286 
21.9685 74.8203 99.6717 196.4414 
15.5599 56.6874 85.7419 157.9656 
20.1749 73.0520 81.6538 174.8481 
16.7078 77.5221 120.7012 214.8733 
17.8978 76.8015 115.0483 209.7287 
22.8915 77.5959 118.8376 219.2263 
16.5553 83.6751 74.3730 174.6689 
20.3310 68.2195 87.3675 175.8560 
15.6371 75.6429 107.1461 198.3300 
19.1219 70.6356 104.1586 193.8339 
14.9780 67.4582 137.6086 219.9763 
16.5608 56.9955 106.9315 180.4390 
18.1771 81.5155 113.7559 213.4154 
14.5962 55.6163 95.6599 165.8401 
19.0893 118.2127 123.0635 260.3302 
24.4848 112.7659 115.4593 252.7161 
20.6468 63.9839 117.1710 201.7649 
18.3776 69.4438 94.2116 182.0118 
21.4641 78.6744 96.7046 196.7815 
21.7500 78.0004 117.8667 217.5412 
19.4381 74.8145 103.2851 197.4645 
20.9790 71.3214 107.5255 199.7877 
19.9725 73.6305 115.0850 208.5379 
21.7463 81.8124 92.9681 196.4946 
23.7745 67.8391 93.0677 184.6646 
20.3308 70.8092 347.0804 438.2032 
20.3321 60.8522 101.2765 182.4209 
20.3231 66.8407 94.6344 181.7734 
19.1068 85.6651 112.2676 217.0306 
15.8903 83.6853 104.5873 204.1290 
22.4232 77.4383 138.0967 237.8912 
17.3509 69.2918 99.6132 186.1611 
20.3911 87.6842 90.9981 199.0410 
24.1395 204.0166 113.1859 341.3012 
21.2176 86.7779 84.5329 192.4715 
19.8933 77.5392 117.9671 215.3539 
21.4845 79.5440 88.1303 189.1385 
18.3054 70.1502 114.7243 203.0172 
19.0186 58.1041 88.7438 165.6707 
18.8865 82.2571 119.2099 220.1949 
17.2659 57.2577 89.3142 163.8021 
18.4326 67.1488 116.6948 202.2220 
19.9648 71.4146 105.7843 197.1053 
24.3736 82.7768 80.9210 188.0444 
20.0757 86.4143 94.2721 200.6856 
18.1273 62.3268 86.1583 166.5662 
21.7390 85.8263 79.7233 187.2406 
19.0692 71.8242 97.6565 188.4031 
18.3054 61.6678 85.3418 165.2864 
20.6377 96.8615 90.2653 207.7469 
20.2798 69.6851 126.9912 216.8608 
19.8102 93.4351 127.1946 240.4106 
22.6957 68.8738 90.5961 182.1485 
21.3008 106.1882 90.1275 217.5453 
17.9569 75.5197 167.4632 260.8794 
18.9767 67.4443 113.6748 200.0417 
20.3053 77.9415 120.2083 218.4123 
17.4419 68.0882 99.2390 184.7376 
17.4447 67.0619 102.7179 187.1432 
19.6902 69.5264 96.8484 185.9973 
18.3960 58.7692 88.5280 165.6215 
17.1870 69.8559 96.1066 183.0922 
16.1131 59.7776 99.8257 175.6753 
16.6139 69.3647 91.7529 177.6969 
18.2697 78.6082 94.2771 191.1380 
20.0209 85.4576 120.0509 225.4557 
19.9766 68.0116 96.4154 184.3357 
18.4450 68.8689 104.8532 192.1505 
16.1482 68.5194 94.8882 179.5148 
18.8450 63.0985 102.1398 184.0310 
16.5911 72.5728 410.0549 499.2019 
17.5021 60.4665 106.3793 184.3168 
21.4211 86.2631 190.9891 298.6354 
17.7178 94.4556 110.6054 222.7425 
20.2544 82.6575 91.7209 194.5982 
15.7687 61.8805 102.8312 180.4177 
17.7691 68.0331 147.4572 233.1932 
17.2703 65.4436 94.9813 177.5392 
17.9823 69.6901 105.1398 192.7732 
20.5009 78.8507 117.5323 216.8433 
19.7702 99.3931 123.9938 243.1234 
19.7678 63.3018 149.1185 232.0954 
17.3745 63.7833 132.7528 213.8158 
16.5602 73.8276 107.0364 197.4038 
18.4694 69.5180 117.3145 205.2230 
26.7113 64.7450 126.8476 218.2296 
18.5380 63.3526 110.8057 192.6567 
17.5122 77.5457 153.9545 248.9166 
18.2867 72.5360 165.7634 256.6068 
20.5957 62.8600 142.0822 225.5139 
17.2539 65.9930 500.9858 584.1457 
19.3909 60.6217 108.8437 188.6775 
18.0691 88.7083 131.8823 238.5363 
20.5089 68.5877 110.0077 199.0642 
17.8907 69.4901 99.1536 186.5143 
19.1883 69.1572 109.3742 197.6370 
21.2082 69.7563 136.1570 227.0821 
20.5865 62.0228 97.6680 180.2162 
21.5145 66.6075 115.9476 204.0261 
20.7768 64.2495 97.6522 182.6266 
20.6525 68.4276 121.0389 210.0848 
19.8074 68.7525 120.1883 208.7277 
24.7331 84.0233 113.6842 222.3918 
24.7004 77.8800 117.7397 220.1913 
19.4603 89.4769 118.0462 226.9678 
20.8120 87.0089 111.7851 219.5812 
23.2088 87.4037 141.5269 252.0380 
18.0264 65.1973 96.7351 179.9397 
17.6000 75.9551 106.1983 199.7419 
19.4362 60.3971 107.1339 186.9523 
16.7254 59.1152 806.6156 882.3225 
18.9010 78.4266 110.0812 207.2785 
17.3789 62.5730 86.8448 166.7360 
26.8718 73.6203 102.3502 202.6667 
16.5691 68.1144 96.5713 180.9924 
17.2499 76.4034 95.1097 188.7331 
16.6839 65.0819 91.2189 172.9507 
23.3607 73.3537 110.1400 206.8180 
22.6357 68.4159 107.4648 198.1581 
19.3542 84.5507 118.0884 221.7696 
22.8221 63.2671 104.1043 190.1804 
19.0917 64.7886 91.0480 174.9079 
19.2725 64.7119 97.7380 181.7027 
22.2134 72.5774 108.6921 203.4504 
18.7853 72.9764 124.5367 216.1862 
20.6738 72.6062 120.0951 213.3192 
21.0925 73.3844 104.8077 199.2490 
22.3390 60.8321 127.1669 210.2740 
20.4422 76.7645 106.9064 204.0702 
23.3316 72.2527 109.5592 205.0544 
17.2866 62.2090 688.5256 768.0051 
18.6176 71.6738 107.6610 197.5053 
17.6149 83.1033 101.0842 201.7802 
21.2010 58.5523 97.6638 177.3451 
22.7893 85.4835 163.6475 271.8770 
20.3702 62.0096 103.2148 185.5578 
24.2713 68.7420 112.1397 205.0924 
22.5337 71.5726 130.2067 224.2794 
19.2134 58.8531 126.1164 204.1453 
19.5300 75.9530 95.6848 191.1113 
19.4734 60.8217 119.0299 199.2450 
22.3538 58.9760 106.1020 187.4120 
20.2268 61.2994 106.2944 187.8000 
22.3862 67.7094 112.8340 202.8963 
17.7696 60.0083 88.7242 166.4816 
22.3971 76.6433 107.5928 206.5782 
22.9276 69.3801 132.7022 224.9632 
26.8158 79.7118 106.0436 212.5025 
22.2363 76.0946 97.9788 196.3051 
24.9643 73.9128 103.1260 201.9378 
22.0186 66.0195 178.3845 266.3282 
35.5884 65.1176 114.3468 215.0316 
22.0465 68.3033 94.8486 185.1752 
21.9978 75.9371 138.9618 236.8595 
21.9972 67.7833 128.8632 218.6010 
19.7035 57.3791 112.5429 189.4896 
23.1340 65.2998 107.2382 195.6689 
20.4246 73.0267 133.3221 226.7368 
23.5307 62.2193 102.9157 188.5938 
20.8025 70.2106 127.2853 218.2779 
58.9799 88.2904 122.0056 269.2346 
33.9173 105.5415 141.4557 280.8736 
18.8025 70.1952 126.2823 215.2416 
22.7508 74.3920 111.3239 208.4482 
18.8117 66.4998 114.6970 199.6799 
22.0055 74.1024 125.2667 221.3593 
21.4701 81.6086 171.5814 274.6241 
22.9070 74.6454 112.8825 210.4141 
21.6561 68.3504 110.3549 200.3420 
21.0778 71.1511 139.4888 231.6532 
23.3373 70.3735 183.3464 276.9700 
28.6198 74.4824 160.0842 263.1325 
23.5535 63.3578 112.7170 199.6155 
21.2792 63.3769 123.0161 207.6221 
33.7441 72.3689 133.3946 239.4692 
20.2705 70.8972 125.9084 216.9085 
21.7677 86.3516 145.4926 253.5351 
21.6809 84.9693 134.4084 241.0248 
19.9542 75.5008 111.9063 207.3407 
20.5814 88.0339 133.2282 241.8250 
25.0806 67.6884 110.5906 203.3406 
20.0978 66.4655 112.4127 198.9200 
20.0119 69.0205 159.1307 247.9850 
23.8820 74.7596 126.1677 224.7182 
19.1396 70.2125 121.6071 210.9400 
19.3175 87.6843 126.2808 233.2524 
19.6779 62.4169 148.6007 230.6471 
19.8467 77.6540 126.6543 224.1362 
18.2990 66.3203 120.5371 205.0691 
18.5451 65.8508 111.9799 196.3363 
17.4178 57.9370 1254.7773 1330.0909 
18.3813 72.4087 187.0691 277.8315 
17.2987 87.1608 135.4304 239.8478 
20.0701 66.7874 114.6709 201.4775 
20.7552 61.7542 135.9255 218.4038 
19.5161 61.2317 134.6609 215.3759 
18.6567 64.9138 115.7957 199.3475 
20.4367 62.8202 109.2333 192.4626 
19.7869 74.2654 132.1311 226.1430 
19.7273 67.2447 107.9841 194.9345 
16.9750 63.2002 121.0442 201.2027 
18.7192 61.1188 112.4217 192.2359 
17.0513 60.5110 120.1348 197.6560 
22.7993 64.5820 110.1254 197.4255 
20.4614 75.3459 117.2446 213.0019 
19.3201 72.4835 110.1623 201.9508 
24.7442 87.2849 138.6953 250.6682 
20.3514 80.4305 119.0449 219.7911 
19.4539 68.6360 111.5911 199.6098 
19.1923 75.4962 137.0726 231.7250 
20.5536 86.8624 649.0160 756.3337 
19.3654 67.1414 147.1839 233.5511 
17.0424 64.1967 119.9723 201.1585 
17.7394 57.1396 128.7001 203.5403 
15.9254 64.9815 103.3406 184.1805 
27.8139 75.7220 90.7831 194.2832 
19.0888 92.9816 102.2140 214.2666 
18.5735 59.4573 97.2363 175.2169 
18.9473 67.3377 101.7115 187.9659 
18.3176 69.1782 102.0078 189.4506 
20.8632 65.7829 118.1884 204.7410 
19.2319 61.5050 92.4800 173.1961 
18.2935 73.7841 121.1137 213.1142 
19.6056 78.2565 106.7394 204.6013 
24.7245 88.5711 98.3874 211.5561 
21.4512 72.4542 112.7626 206.5987 
19.2002 64.1941 95.4195 178.7935 
17.6429 65.5803 101.6742 184.8828 
20.1516 71.2766 105.9802 197.3690 
22.5760 75.1659 104.7649 202.4878 
18.2089 61.2436 2317.2491 2396.6746 
31.2559 81.5615 109.2646 222.0554 
23.3449 89.8807 126.7148 239.9093 
20.0588 81.7364 142.8202 244.5659 
17.6912 63.0868 100.7966 181.5289 
19.2635 61.1646 148.1883 228.5592 
17.9211 71.1103 103.1982 192.1691 
18.6754 75.8400 113.4101 207.9125 
23.9268 75.8048 105.4357 205.1522 
18.1926 66.6671 120.2890 205.1288 
27.5620 71.7802 113.3369 212.6475 
17.9033 64.4825 139.5580 221.9212 
20.5994 63.1873 119.6860 203.4241 
25.7296 69.2758 133.3361 228.3232 
24.0335 138.5877 134.4973 297.0829 
20.2167 64.2883 124.4250 208.6299 
24.9015 70.0775 119.4053 214.3917 
24.5768 101.6378 130.1004 256.2400 
24.6120 70.8560 111.2135 206.5480 
21.1185 67.3831 107.5244 195.9963 
22.6566 93.1976 447.6825 563.4210 
21.1591 71.8878 126.6401 219.6459 
27.9450 107.2452 134.6129 269.7676 
31.2393 95.1557 174.1140 300.3839 
25.3601 101.2312 123.6551 250.2115 
27.2425 81.8951 153.8603 262.9606 
29.9836 104.0397 153.8403 287.7727 
21.9937 94.9272 119.9395 236.8349 
22.5917 73.6824 111.0956 207.3315 
21.8767 83.7209 133.0363 238.5571 
23.0006 72.6322 118.0574 213.6551 
20.1244 69.0728 110.1392 199.3002 
21.2492 78.5361 121.0647 220.8260 
28.0434 102.3822 109.9675 240.3601 
31.2383 72.7168 114.9455 218.8664 
22.7666 102.7730 125.6437 251.1069 
18.2170 62.9816 110.3510 191.5068 
21.2446 83.2175 105.0123 209.3359 
22.3671 72.3061 113.4994 208.0535 
21.2472 68.9333 164.9587 255.0776 
21.3555 99.7495 500.1007 621.0941 
26.5926 85.5495 121.7776 233.8326 
24.1379 120.2773 106.3312 250.7178 
20.8054 73.1516 112.8683 206.7953 
22.4720 111.0587 122.5921 256.0896 
22.1466 75.2740 108.5480 205.9484 
17.5156 68.0426 120.7453 206.2298 
19.3399 66.4439 120.3653 206.0285 
20.4208 106.6364 113.9791 240.9884 
19.9647 68.1792 106.1774 194.2970 
20.1508 64.5013 117.4795 202.0382 
18.8323 69.7451 104.9759 193.5344 
17.2995 66.9783 112.8339 197.0901 
19.0832 68.6463 107.0253 194.7340 
22.0814 77.2512 111.4368 210.6586 
19.8774 103.8270 115.0931 238.7706 
21.2640 73.0183 110.5714 204.8338 
20.3018 72.3141 126.4884 219.0698 
21.1589 68.1950 113.3349 202.6704 
20.0985 62.6497 104.0352 186.7099 
20.8692 70.4254 1793.3659 1884.5370 
26.5995 77.0175 113.2021 216.7969 
21.1989 71.7211 137.0212 229.8185 
21.6040 75.2156 94.9839 191.7814 
20.6552 75.4318 115.4530 211.4797 
27.9390 103.0658 120.8973 251.5298 
20.6873 61.9453 111.5534 194.1378 
22.1506 69.4372 116.7303 208.1891 
22.4081 70.1760 123.7247 216.2833 
21.0925 65.4490 105.8636 192.3857 
21.0737 64.5178 117.1857 202.7057 
20.7465 67.5768 113.5652 201.8573 
25.1988 64.0912 116.7226 205.9866 
20.0994 68.8373 122.5516 211.4713 
20.9903 71.7276 119.7657 212.4184 
21.5756 66.3464 113.0276 200.9297 
18.7097 68.8385 142.5137 229.9596 
21.5275 65.9434 112.7862 200.2382 
19.5473 64.0440 113.2224 196.7948 
19.6016 62.5214 113.8588 195.9496 
21.9738 70.8380 1791.5446 1884.2171 
19.5163 69.8589 127.2725 216.6328 
18.9834 84.4020 105.3315 208.6620 
21.5831 94.4333 177.0682 293.0151 
20.2148 70.8752 110.7071 201.7628 
17.5197 72.7178 119.8223 210.0394 
17.9531 60.4062 115.1865 193.4506 
18.8976 60.8273 118.6855 198.3714 
23.0540 69.1233 123.6482 215.8053 
21.4271 79.0305 112.9352 213.3788 
19.9937 68.1646 115.3621 203.3800 
25.2792 78.3584 138.0922 241.6009 
19.0156 60.5222 141.5607 220.9987 
20.6965 77.9487 178.6702 277.2686 
22.9739 71.6646 132.1853 226.7869 
23.4823 74.2564 126.4171 224.0087 
31.8739 61.6926 121.9054 215.2981 
22.9593 74.9465 136.1417 233.9544 
22.8974 72.2089 133.8259 228.8081 
21.9846 74.7695 139.9550 236.6903 
21.7082 64.5587 239.8502 326.0172 
28.4640 95.2516 157.0103 280.6163 
18.1093 61.6362 123.4577 203.1829 
28.6496 107.9911 166.1560 302.7086 
19.5487 72.8689 127.6897 219.9464 
22.1278 79.3842 142.2309 243.7236 
19.8483 62.0131 116.8912 198.6969 
23.6384 76.5790 162.5063 262.6982 
20.2900 73.4019 143.4554 236.9972 
23.0413 93.8891 146.3410 263.2533 
23.4246 76.1252 143.8312 243.3575 
27.9898 68.8924 129.6364 226.4961 
27.1916 74.9835 132.6936 234.8327 
23.3503 68.0149 133.6439 224.9913 
32.6611 76.9208 136.9244 246.4903 
26.9928 76.5264 139.2438 242.7054 
21.5593 78.1692 179.1227 278.8274 
22.3536 115.9296 137.0348 275.2782 
20.4146 61.6472 146.1556 228.1951 
19.3701 60.2922 141.6432 221.2149 
20.4800 71.8081 193.9246 286.1265 
19.5964 66.6332 152.5606 238.7718 
32.1718 68.9274 752.7981 853.8364 
19.9405 63.2143 154.8775 237.9941 
27.6840 75.9911 164.1116 267.6761 
19.3337 59.9368 327.2745 406.5070 
18.7349 57.8821 135.0218 211.6180 
18.6700 360.3030 165.8889 544.8124 
20.1319 68.3265 148.0350 236.5040 
41.7781 76.2589 148.1479 266.1550 
19.4918 70.5460 161.1874 251.2062 
19.7573 76.2752 173.0406 268.9522 
21.1424 70.6477 133.7279 225.4811 
18.2578 61.8031 134.5467 214.5882 
19.9603 70.1114 155.6132 245.5926 
20.0481 66.2345 153.4199 239.6448 
19.3861 77.5516 145.9977 242.8783 
20.1848 71.2205 151.8575 243.2259 
20.0076 65.5238 141.4871 226.9753 
19.6898 71.4448 141.0105 232.1273 
21.7316 74.7509 954.7286 1051.1663 
23.0598 85.1820 156.6694 264.8758 
20.4049 57.2498 142.7004 220.3357 
21.8656 64.8475 153.2425 239.9171 
20.5884 66.8481 138.2141 225.5549 
21.3460 75.9374 161.6628 258.8764 
28.0814 110.0251 218.0460 355.8069 
22.1912 71.8817 187.2131 281.0303 
23.6938 71.2065 170.6731 265.3521 
21.6406 72.0032 456.9970 550.3793 
24.0634 94.0261 162.7890 280.6388 
26.2923 73.5924 167.3161 267.0982 
21.9258 68.2337 174.5425 264.4247 
25.1625 61.9321 281.3831 368.4376 
19.2463 74.2861 178.5223 272.0111 
25.3395 73.7508 159.7852 258.7479 
22.1875 68.6575 160.2789 251.1050 
23.5001 63.9762 160.5501 247.9469 
22.1449 76.8760 147.3035 246.2477 
33.0846 63.1352 138.9118 235.0861 
23.5730 61.2345 1545.3773 1630.1636 
22.9414 76.6897 179.3541 278.8872 
26.5305 74.8145 173.7816 275.0633 
23.1367 79.2788 193.3491 295.6347 
22.6914 70.5319 170.5472 263.7185 
22.6303 71.6799 147.4476 241.7001 
20.5925 63.0360 148.8474 232.4444 
27.9896 83.3890 160.5719 271.9191 
20.8400 61.3643 152.0846 234.2682 
20.1713 62.7765 146.5111 229.2875 
20.3534 64.3585 151.9536 236.6150 
22.6641 68.5391 220.3807 311.4402 
20.6018 61.6640 170.1318 252.3008 
21.6593 73.8256 173.3953 268.8611 
20.1672 81.0140 177.4536 278.6003 
26.9654 72.9315 176.2888 276.1441 
24.2910 73.3084 215.6585 313.2126 
26.2944 87.4429 217.3240 331.0329 
23.2861 70.4957 281.7060 375.2997 
24.2149 67.1672 157.9699 249.2628 
22.9455 79.6990 235.7240 338.2678 
20.7219 68.9121 180.1695 269.7406 
24.5933 74.5553 206.7324 305.8143 
23.0126 86.9354 313.0661 422.9817 
38.4910 78.3825 139.9245 256.7642 
22.0538 78.7495 170.1184 270.8635 
25.8708 102.4260 157.4846 285.6809 
21.7719 62.8997 155.0229 239.6717 
24.2392 89.5414 162.0039 275.7493 
24.0806 65.8544 195.4470 285.3056 
21.7029 59.8205 161.0999 242.5839 
36.4524 79.7214 143.0522 259.1857 
21.9744 68.9053 167.1082 257.9270 
23.9060 76.8982 161.5164 262.2814 
23.9298 77.0432 162.0982 263.0214 
21.2753 67.6723 196.0515 284.9642 
23.4403 68.5236 162.3831 254.3112 
22.9632 68.1261 202.1905 293.1936 
24.0296 78.2822 170.0717 272.3497 
22.6091 59.4978 183.6747 265.7596 
21.8500 74.3035 630.2711 726.3787 
29.0926 60.1428 154.9442 244.1633 
21.7378 68.7052 161.4616 251.8800 
21.3901 87.4907 159.3398 268.1846 
28.1675 64.7683 128.3841 221.3011 
22.9727 62.5732 147.8221 233.3476 
20.4861 67.1280 184.6385 272.1684 
20.7858 65.8901 141.0995 227.7590 
21.8664 64.6229 149.9135 236.3386 
18.1096 75.4561 154.0509 247.5677 
19.8550 85.5362 148.9509 254.2942 
20.6978 62.1982 121.8200 204.6621 
19.6127 63.6615 129.5701 212.7152 
19.4594 68.1679 129.0000 216.5482 
19.7342 70.1744 134.4599 224.3232 
21.2507 73.0738 135.7828 230.0549 
22.1329 73.5506 138.7713 234.3686 
20.7084 68.5158 137.9961 227.2001 
20.1213 82.6838 151.6836 254.4398 
22.4234 82.7819 170.2223 275.3933 
20.0126 69.2195 501.6200 590.8158 
18.6002 120.0221 163.9987 302.4879 
20.1940 69.2253 135.0732 224.4439 
19.7768 68.1873 164.4808 252.3125 
17.6257 59.8398 128.8361 206.2809 
18.3524 77.5781 137.4541 233.1075 
20.5542 62.3609 157.6975 240.3341 
22.7005 70.2710 141.0721 233.8818 
19.2192 71.3170 164.1280 254.5054 
25.4331 66.7421 134.6150 226.6245 
23.2870 67.5671 144.2391 234.8754 
22.2814 59.7161 134.7009 216.4009 
22.5522 69.9010 132.6311 224.9185 
20.6645 64.4832 2108.4507 2193.5788 
24.6450 90.2179 147.6357 262.4785 
17.7607 67.8507 133.4328 219.0260 
19.7927 68.0499 170.4101 258.2225 
17.4069 63.3218 128.6221 209.3372 
16.0856 60.8675 252.5927 329.5234 
18.8535 67.0782 147.4593 233.3509 
18.5941 58.4202 264.3324 341.2240 
18.8050 54.6813 128.1621 201.6278 
17.7328 60.7960 168.7391 247.1884 
18.6443 81.3530 154.7450 254.6304 
19.7386 69.0849 164.4102 253.1981 
20.2055 81.2452 181.3985 282.7576 
17.8671 55.1403 146.6931 219.6299 
19.1629 67.6400 135.1991 221.9815 
23.3876 65.2853 128.0685 216.7225 
21.1200 71.6513 150.7394 243.4720 
19.5873 65.5722 139.7342 224.6707 
19.2319 61.5333 141.6916 222.4207 
20.5225 66.3430 193.8499 280.6498 
20.9493 62.2985 128.3457 211.5268 
20.6079 63.5754 139.8022 223.9674 
20.4246 67.3112 143.1862 230.8970 
23.7151 83.2496 148.3177 255.2473 
19.6057 64.8772 141.3927 225.8545 
21.3569 64.1898 160.9741 246.4863 
19.8869 59.2248 139.2000 218.2944 
21.8844 91.2355 529.4588 642.4716 
23.7743 79.3243 164.3231 267.4014 
18.8560 68.7696 187.3749 274.9381 
20.7231 83.8185 154.5618 258.9796 
23.8581 77.6282 226.7282 328.0153 
31.8595 89.0207 197.9566 318.7317 
22.9577 76.1793 198.4824 297.5278 
21.9546 86.2616 182.1979 290.3778 
20.9920 60.8066 190.7568 272.5095 
21.6430 61.8804 140.7794 224.2862 
27.6056 83.7655 180.9461 292.1820 
18.2895 59.3037 151.6616 229.1857 
22.3504 69.7512 152.3247 244.3885 
19.4083 56.0226 194.2096 269.5857 
18.5133 61.2927 167.3801 247.1510 
29.9003 84.3096 145.9503 260.1486 
26.4075 76.1229 187.4953 289.9616 
22.5380 65.3600 141.3088 229.1874 
23.3734 64.4330 161.3461 249.0647 
24.7880 60.3545 186.9870 272.0705 
24.2284 76.9576 1077.5856 1178.6618 
19.9716 50.4057 140.1534 210.4871 
22.3098 62.0799 186.9828 271.2041 
23.6281 68.0940 172.2826 263.9330 
20.6335 64.4973 154.0420 239.1009 
24.6949 61.1297 168.5918 254.3960 
23.7679 63.6148 147.9626 235.3241 
20.5485 62.7863 217.3506 300.6336 
27.1187 75.0855 205.1107 307.2761 
22.7271 60.8286 156.4252 239.9042 
18.3315 51.8016 132.5752 202.6902 
19.7827 62.8877 154.7598 237.4113 
19.1657 65.8684 471.5187 556.5326 
20.5453 64.0176 152.4624 236.9516 
20.3788 68.0783 142.6831 231.0939 
20.1270 60.7777 159.8849 240.7050 
21.2835 67.1781 149.6159 238.0568 
20.3954 62.5572 155.8743 238.8103 
23.7420 68.1503 150.5137 242.3857 
19.4439 70.2669 196.2354 285.8978 
21.0036 71.7226 962.4247 1055.0842 
21.4265 67.8322 152.2475 241.4698 
19.5576 55.4616 187.0914 262.0715 
19.0711 77.1424 256.7163 352.8901 
26.4278 80.5440 165.9391 272.8691 
21.6554 63.4916 193.7036 278.8185 
22.1024 59.5605 165.8300 247.4559 
18.0996 63.3798 186.8441 268.2310 
21.9713 60.0625 160.4185 242.4014 
21.2524 60.5646 179.0984 260.8101 
36.3263 71.7366 173.7847 281.8343 
19.9179 64.5869 183.7325 268.1837 
19.9876 67.7329 213.4969 301.1412 
20.5819 67.9966 221.3036 309.8213 
20.0120 61.2797 172.7549 253.9203 
26.7344 78.6890 167.0899 272.4588 
21.3530 74.2292 183.5641 279.1088 
20.7498 68.1578 181.2560 270.1219 
22.2449 64.8230 174.6575 261.6789 
19.7863 62.6783 178.7107 261.1463 
19.8622 62.4514 497.3372 579.5888 
19.6328 56.6264 177.2809 253.4351 
22.4241 62.8548 161.3305 246.5714 
20.5342 70.6149 179.4536 270.5662 
19.3481 62.2602 190.9899 272.5185 
22.1051 69.3659 211.1560 302.5723 
23.8296 77.1144 232.0206 332.8408 
22.9523 63.1876 207.1895 293.3005 
23.2978 73.0030 207.5799 303.8075 
21.7438 64.1234 186.1994 272.0068 
23.4839 66.9262 218.0212 308.3454 
23.8911 73.9858 197.5169 295.3547 
22.8872 89.6184 186.4432 298.9159 
21.1835 63.3318 201.8645 286.3139 
26.9549 62.8651 183.3274 273.1250 
31.2458 86.0259 179.5419 296.7625 
21.9783 73.6812 190.0616 285.7024 
20.9453 68.3030 190.8527 280.0331 
23.5187 93.4510 220.4563 337.3319 
21.4182 65.0643 198.4941 284.9406 
22.2678 65.8175 352.6860 440.7035 
20.5339 60.7855 201.7912 283.0716 
21.5772 72.5535 185.4314 279.5162 
19.2184 56.9233 174.4486 250.5383 
20.4054 65.9780 188.4890 274.7995 
25.8645 71.6606 240.6594 338.1601 
21.6091 65.6102 184.3416 271.5076 
22.8855 68.6562 253.2809 344.6537 
22.3695 64.3372 187.6535 274.2801 
22.6743 75.7807 235.0095 333.4037 
22.0592 75.6942 215.7998 313.4961 
22.9638 76.1054 232.5067 331.5225 
24.7049 62.3713 208.5788 295.5320 
22.8142 64.9275 255.5347 343.1213 
21.9696 57.1977 190.3600 269.5102 
22.9168 71.2882 184.5048 278.6802 
22.2827 61.7617 205.9815 289.9401 
25.0614 58.4154 178.3411 261.7881 
23.0153 56.5403 170.1657 249.6923 
23.6918 60.6207 229.1737 313.4471 
22.4096 59.7785 787.1418 869.2548 
21.2093 70.9655 242.1762 334.3128 
26.1364 65.5275 204.3446 295.9682 
20.7267 58.2278 190.5967 269.5321 
22.7888 64.7117 174.9669 262.4326 
19.2111 56.3071 191.5213 266.9711 
20.7467 59.8328 186.2325 266.7611 
20.6262 53.7556 176.2501 250.6011 
21.7689 57.6935 177.3202 256.7603 
20.7935 56.0837 223.0373 299.8941 
22.5668 62.2815 195.2769 280.0840 
21.1592 59.3005 187.0291 267.4690 
21.9457 59.7195 178.2918 259.9254 
20.3145 54.6573 207.4523 282.3708 
18.8058 53.7615 173.4830 246.0049 
21.9697 66.5984 177.8016 266.3545 
20.3298 59.9355 422.8333 503.0176 
20.4951 64.7441 201.8252 286.9912 
21.8071 67.2656 183.0665 272.0242 
21.7811 56.2761 175.0259 253.0092 
23.0213 74.9394 857.5730 955.4710 
20.2612 57.2884 205.6954 283.1404 
27.0059 71.9787 168.5426 267.4363 
21.8885 59.9545 517.9164 599.7259 
21.7737 195.6150 216.8990 434.2387 
30.2701 80.9311 183.1449 294.2808 
30.7822 77.2935 187.2628 295.2422 
28.6905 78.5021 187.7483 294.9214 
21.1673 110.9800 201.2144 333.3281 
21.6622 61.5949 200.4632 283.6278 
20.0037 64.3442 175.9297 260.2234 
20.8119 55.3380 215.2176 291.2968 
22.5785 56.8883 176.8491 256.2980 
20.2668 60.1079 177.6524 257.9844 
26.0362 78.0612 196.5702 300.6519 
23.4280 75.4215 222.7812 321.5798 
26.4610 58.9652 222.5225 307.8779 
20.0061 76.4834 200.7852 297.2508 
22.8267 65.4754 243.5665 331.7958 
20.5127 68.2113 205.3196 293.9967 
22.4122 60.5363 3293.9876 3376.8536 
23.1644 54.2982 171.6621 249.0909 
22.0816 89.8552 243.2942 355.1952 
21.5869 67.2853 219.7498 308.5475 
21.7898 109.8262 192.7811 324.2964 
31.5901 74.7030 235.3101 341.5524 
22.0211 64.0456 562.6920 648.7370 
20.1400 52.4479 307.5640 380.0852 
20.7735 60.6689 219.6928 301.0585 
20.9862 64.1763 181.5852 266.7241 
27.3089 59.8830 224.3207 311.4782 
22.5516 66.3746 237.4211 326.3094 
21.1856 55.0295 277.3562 353.5511 
26.4358 90.6878 231.1633 348.2639 
20.6954 90.0716 203.7392 314.4216 
19.8183 61.6656 276.0734 357.5181 
26.9036 78.6766 283.7168 389.2607 
22.7306 73.0943 246.6445 342.4148 
21.5312 62.1743 231.6413 315.2606 
21.0667 60.8216 187.5939 269.4557 
22.4081 72.0304 634.8494 729.2168 
21.0119 67.7801 200.8853 289.6295 
21.4516 59.5875 230.7553 311.6758 
21.3964 59.4482 180.3044 261.1285 
20.4939 79.7116 185.0114 285.1490 
24.3992 90.1237 219.5358 333.9686 
31.1248 105.2908 196.2479 332.6431 
20.3667 62.2477 187.1927 269.7241 
24.0045 68.5782 180.4673 273.0292 
20.1189 71.9269 175.3224 267.3172 
19.5129 59.5522 173.4325 252.4604 
22.0333 72.5611 167.4920 262.0067 
20.6202 72.8015 167.5680 260.9719 
20.3824 71.1542 180.5571 271.9997 
20.5203 66.8193 173.8574 261.1569 
35.8054 65.1973 175.7778 276.7449 
19.7533 63.9925 175.5609 259.2679 
24.5970 85.7593 198.1658 308.4887 
21.2190 72.5391 175.9846 269.6704 
22.6451 76.0571 180.7914 279.4728 
19.6873 61.3280 240.0510 321.0117 
24.1950 69.7718 217.6186 311.5396 
20.2094 72.1284 218.1095 310.3337 
21.0058 64.3656 184.3383 269.5464 
21.7732 96.0113 170.4849 288.1822 
20.1914 62.2970 184.0054 266.3891 
19.7994 61.4218 188.7125 269.8142 
22.1325 87.6916 193.0550 302.8267 
22.9632 74.0671 191.3628 287.9674 
27.7742 83.1481 168.2110 279.0397 
18.6423 61.0521 162.2641 241.9036 
17.8602 57.8785 199.4029 275.0962 
28.9222 74.1285 180.1709 283.1803 
17.6652 64.8253 210.0887 292.5275 
15.8896 55.4295 232.5731 303.8692 
21.4345 79.5090 194.2854 295.2079 
22.7157 85.8853 244.7712 353.3270 
19.0982 78.8313 257.3964 355.3053 
18.7322 61.9562 205.4691 286.1221 
15.5624 58.4587 172.1237 246.1223 
15.2129 70.5026 493.4394 579.0488 
21.2523 69.6653 208.7241 299.5751 
18.4402 65.3233 168.6515 252.3768 
15.6313 79.1313 159.4531 254.1899 
16.1652 53.2106 275.9139 345.1958 
18.2732 56.9625 237.4251 312.6407 
17.5450 56.4245 214.2872 288.2311 
18.9509 62.9347 211.0374 292.9055 
17.9077 58.9787 206.4643 283.3308 
24.2248 74.2839 201.5361 299.9795 
17.7014 55.7725 237.5061 310.8925 
18.3480 55.9416 208.7784 282.9024 
20.1355 56.6068 203.9737 280.6357 
18.1442 57.7998 204.3505 280.2563 
17.4159 62.2538 220.2214 299.8367 
16.8417 69.6531 204.7138 291.1878 
22.4558 61.8756 216.8228 301.1340 
18.0739 58.3463 193.3206 269.5702 
25.4894 55.5880 209.7905 290.7365 
18.1466 54.8776 444.0577 516.8462 
18.6175 66.1291 711.4164 796.0612 
20.4727 60.3802 200.6443 281.4041 
21.7242 73.6628 205.6510 300.9973 
18.0546 59.7980 205.3025 283.0257 
20.2050 63.7568 210.7681 294.5991 
19.6107 61.0069 211.4161 292.0047 
17.8906 58.4336 217.1803 293.4568 
18.3227 66.1022 219.4890 303.8084 
18.8272 62.9243 224.1018 305.7992 
16.9699 74.5937 217.0986 308.6363 
19.5244 56.2084 219.7681 295.3745 
18.8812 68.1457 235.8918 322.9173 
21.8170 64.8231 238.2062 324.7857 
18.7314 60.6330 221.7288 301.0554 
19.9773 64.4048 215.1933 299.5532 
20.6209 66.9140 210.8770 298.3815 
17.3169 64.5838 206.9973 288.8792 
18.4865 61.5247 235.3941 315.3387 
18.9943 68.3152 220.8436 308.0717 
18.0505 63.6158 210.1379 291.7853 
18.9024 55.8065 411.0231 485.5919 
18.2330 56.8785 225.8743 300.9489 
24.8635 66.8838 235.1982 326.9166 
21.1094 72.5308 226.9588 320.5270 
20.9308 63.5755 238.3772 322.8291 
23.8618 73.8623 226.5835 324.2877 
17.5346 69.2248 246.1568 332.7427 
21.3946 81.3141 225.6510 328.3261 
19.3094 61.1439 251.8303 332.2593 
20.0140 64.2070 823.8527 908.0527 
19.0826 66.1798 240.3815 325.6252 
21.1205 63.3026 233.7441 318.0817 
21.7228 68.0963 252.7254 342.4690 
18.1988 63.6418 250.6595 332.4050 
18.1166 64.2894 245.7909 328.1297 
20.5000 61.8443 238.7448 321.0722 
19.4709 63.2764 235.2994 318.0249 
20.5728 63.6459 252.1445 336.3180 
22.7075 66.0010 241.6819 330.3274 
18.7379 323.2898 239.6974 581.7032 
20.5622 81.5647 1192.1584 1294.2232 
24.3747 67.6674 268.3205 360.1915 
20.2858 58.9180 901.4425 980.5887 
21.5783 65.5878 250.8316 337.9760 
20.3566 56.2273 277.4069 353.9635 
18.4616 59.2258 335.0686 412.7155 
20.2584 62.4723 252.2746 334.9828 
20.1483 62.5427 231.7703 314.3767 
21.5315 67.8557 246.6793 336.0325 
19.5496 68.5966 254.4628 342.5713 
20.1427 67.8924 273.8943 361.9082 
22.9544 60.6568 258.0256 341.6160 
20.4245 269.9194 254.6264 544.9274 
19.5413 78.6622 261.7524 359.8727 
21.7136 62.4806 313.5571 397.7345 
19.9504 74.4764 266.1565 360.5605 
22.2506 72.0005 272.3107 366.5108 
21.0593 70.7905 284.2236 375.9681 
21.4353 67.5130 290.9548 379.8985 
22.1460 70.1900 290.5144 382.8424 
20.4762 71.2854 1553.1799 1644.9148 
23.5567 68.7608 320.3778 412.6382 
30.4563 78.1528 292.6901 401.2611 
25.1450 69.3134 265.1369 359.5743 
20.9862 67.8637 255.3030 344.1322 
18.9678 59.8934 282.3088 361.1030 
16.9426 59.1968 309.0515 385.1503 
17.5133 68.7079 290.5595 376.6246 
17.3599 70.5260 316.7485 404.6123 
18.9966 71.1076 315.3183 405.3900 
18.4040 62.8788 278.6098 359.8627 
19.0024 78.7783 305.9162 403.5627 
18.8537 57.8611 233.6521 310.1502 
18.6560 60.1790 244.4665 323.0111 
19.4923 63.4554 345.9593 428.8012 
23.3104 61.8803 275.8639 360.9807 
19.1138 67.3262 274.8011 361.0298 
20.1189 65.1672 252.1381 337.1794 
21.2686 64.3602 239.2382 324.7498 
22.0932 63.2684 232.1173 317.3826 
22.5827 66.0178 374.1923 462.7512 
18.3941 56.9578 291.5392 366.8279 
20.7483 72.8660 307.2651 400.8554 
18.5788 78.6972 239.5891 336.8452 
22.3297 67.4442 295.5195 385.2598 
18.1989 65.0732 264.4781 347.6616 
19.3794 64.2828 246.0065 329.6145 
17.4349 61.9118 230.4406 309.7392 
18.4461 61.7062 227.6780 307.7941 
23.5959 67.6197 372.9887 464.1862 
18.4626 68.6642 291.4686 378.5749 
22.8028 69.4008 274.1585 366.3271 
19.7741 57.2958 246.2638 323.2436 
28.5344 73.8860 260.4894 362.8885 
18.3953 62.5133 274.7181 355.6057 
21.7378 66.5059 440.7716 528.9746 
18.6276 54.9951 235.2090 308.7739 
20.4044 70.7676 244.0920 335.1340 
19.9282 64.7753 284.3276 368.9962 
26.2283 88.3027 323.3833 437.8795 
18.2928 60.3788 1033.0597 1111.6473 
19.5428 84.7238 292.7181 396.9243 
15.2737 59.9593 250.8523 325.9951 
16.6022 58.0433 298.2317 372.7950 
15.3673 74.5708 255.7939 345.6730 
16.9818 64.3695 252.0308 333.3590 
14.9911 48.6674 218.8781 282.4697 
18.1848 59.5685 228.9056 306.6341 
16.8079 52.1916 253.1005 321.9681 
18.1093 53.5140 236.9340 308.5225 
19.1900 58.6071 229.9438 307.7202 
18.7370 59.2796 255.1656 333.1422 
21.7282 73.3998 273.2282 368.3351 
19.8288 60.7621 235.0482 315.5856 
29.0865 64.7370 252.6551 346.4246 
18.8467 60.0693 242.4418 321.3380 
19.7902 73.4343 243.3694 336.5551 
18.7591 62.3185 238.6135 319.6742 
19.7221 62.5200 271.0465 353.2312 
18.6338 71.0136 282.2352 371.8003 
19.5877 103.1649 827.2867 949.9353 
21.2860 73.2096 311.1597 405.6268 
16.8326 67.8234 471.0308 555.6338 
18.6448 56.2935 235.3472 310.2650 
15.7567 72.0919 271.9075 359.6386 
17.9612 70.2072 227.6552 315.8022 
20.6715 77.6215 259.4670 357.7407 
19.4305 61.9374 213.0580 294.3827 
17.6340 56.8037 203.3927 277.8162 
29.0793 71.1274 208.1620 308.3115 
25.0130 84.8062 215.4304 325.1918 
17.1617 60.1287 222.1624 299.4327 
17.5843 57.9333 235.9687 311.3939 
18.0424 68.0492 244.1316 330.1819 
17.8250 68.2115 206.8375 292.8262 
21.4652 62.5669 252.9854 336.8977 
20.4315 65.0466 216.3201 301.7264 
21.6494 75.5704 223.4390 320.3541 
22.1746 61.7640 215.1594 299.0611 
18.6072 59.8615 206.5155 284.9614 
18.4157 59.1295 1642.5109 1719.9945 
19.5746 85.8436 243.9951 349.3058 
25.4583 80.4702 238.8129 344.6407 
20.1265 65.1931 238.8060 324.0455 
19.3846 59.7719 280.8493 359.9207 
25.2931 92.0072 257.8614 375.1041 
24.2540 78.9974 216.5643 319.7454 
17.8029 64.8897 213.8474 296.4840 
19.3193 56.9307 208.0740 284.3056 
16.8825 63.7641 210.3093 290.9002 
16.0049 62.3228 214.3799 292.6419 
14.5269 52.4498 202.3062 269.2632 
14.0232 48.8937 216.0651 278.9458 
14.0262 48.5789 211.3715 273.9177 
15.2437 57.9265 194.9504 268.0654 
15.5658 55.7313 246.0472 317.2993 
18.2661 76.4830 193.8134 288.5081 
15.1154 57.6917 244.6467 317.4181 
15.8781 57.9999 223.1303 296.9849 
15.8328 52.9415 208.5505 277.3037 
16.3538 55.6742 371.3097 443.2992 
26.0004 54.3029 221.4898 301.7613 
14.0044 49.2166 200.6030 263.7834 
18.9092 61.1448 251.7461 331.7650 
15.4323 53.2122 268.9303 337.4152 
16.0528 55.5813 235.9665 307.5204 
16.6108 50.7866 210.2109 277.5756 
16.0596 54.5664 202.2637 272.8022 
13.1018 53.1995 234.9796 301.2455 
11.5390 49.7745 194.6467 255.9270 
14.0021 54.9550 193.0266 261.9536 
14.7811 74.4836 247.0616 336.2871 
13.0524 58.4288 252.0911 323.5563 
15.0690 49.8046 212.7341 277.5509 
14.6645 69.7438 183.4948 267.8291 
18.2597 53.9988 176.5302 248.7392 
14.7560 54.9056 180.2264 249.7354 
17.4874 59.4371 219.0396 295.8946 
15.1008 54.7511 167.9881 237.7337 
17.6869 71.5427 184.7109 273.9181 
18.3972 64.6992 300.8712 383.8685 
19.5343 59.8773 1041.8294 1121.2105 
26.3573 60.1420 200.6488 287.0890 
17.7944 77.6970 222.3521 317.8190 
24.2242 70.0621 213.4687 307.7377 
32.9939 177.8626 190.9780 401.7581 
20.7098 60.1498 220.9418 301.6655 
17.5053 58.0963 204.8579 280.2356 
19.1900 75.2061 201.5145 295.8851 
252.9894 79.4770 210.3361 542.7642 
18.4808 57.4219 184.8237 260.6786 
16.9884 57.3305 175.3986 249.6954 
19.1427 61.1337 179.2142 259.4702 
18.2911 58.9546 192.6680 269.8800 
20.4864 58.8155 195.4052 274.6858 
20.7395 74.0568 194.6404 289.4019 
18.5652 63.9699 182.5410 265.0528 
17.1882 70.9745 196.6735 284.7992 
17.7495 58.2513 180.6961 256.6757 
17.5957 56.9549 178.2496 252.6920 
17.1265 53.4659 407.6450 478.2286 
18.5299 59.7150 200.0319 278.2554 
19.9602 57.5564 171.1965 248.6934 
38.7167 52.7285 218.3704 309.7689 
18.0204 64.3886 197.7336 280.1213 
17.4145 62.0830 180.3434 259.8162 
18.0100 56.6310 168.8231 243.4089 
23.8282 66.7475 187.2023 277.7567 
15.3207 54.7744 190.5323 260.5752 
14.6733 55.0451 165.5255 235.1400 
16.1658 58.0653 189.0090 263.2219 
17.3701 56.1083 178.8583 252.2874 
26.8257 68.3383 223.9019 318.9932 
15.8833 66.1292 194.7430 276.7204 
15.4839 50.9558 197.5849 263.9868 
17.2696 57.8284 178.0109 252.9881 
15.6169 57.0606 179.6165 252.2705 
16.6092 55.3341 202.1224 273.9931 
20.0158 53.4952 182.4506 255.8631 
22.0386 50.3608 141.7392 214.1016 
16.3908 63.9803 3661.9720 3742.2362 
15.8419 50.5555 133.7685 200.1161 
14.4889 49.5664 193.3357 257.3280 
16.9590 60.7382 165.0860 242.7186 
104.2934 57.9782 172.1396 334.3797 
18.8306 70.7479 201.9983 291.3110 
16.1127 68.9873 179.8976 264.7533 
16.3676 56.0790 138.2975 210.7028 
20.5627 80.7635 187.9465 289.1607 
16.9488 179.1325 196.5966 392.5811 
17.7978 58.1187 176.3169 252.1515 
18.8422 65.4617 220.3768 304.5078 
24.6911 96.5976 195.0403 316.3280 
26.8371 93.9539 150.2351 270.9706 
26.4433 78.2985 180.7237 285.4446 
20.6124 95.0536 226.9064 342.4669 
35.8339 66.5746 165.3364 267.6806 
21.7307 62.9818 174.4499 259.0221 
22.6093 85.6931 187.1448 295.4096 
20.8024 98.7745 196.7618 316.2722 
21.7103 63.8387 615.6626 701.1412 
19.7568 59.0747 156.3034 235.0743 
30.8459 106.0445 189.7463 326.5147 
21.3574 60.7745 153.9433 235.9050 
24.2546 134.6010 166.5051 325.2116 
20.8756 65.9626 176.3226 263.1267 
24.1123 80.6263 188.0873 292.7505 
20.5356 64.5608 150.2194 235.2952 
22.1994 71.1409 207.4324 300.7359 
19.3068 76.4145 415.3235 510.8811 
18.2240 62.2022 156.1332 236.4292 
16.8043 56.0008 144.9342 217.6794 
25.4053 77.4184 163.4233 266.1804 
19.0804 77.7490 166.9962 263.7021 
20.5037 71.1351 170.1558 261.7145 
22.9130 281.7418 177.0268 481.6637 
21.4623 84.3103 207.1333 312.8849 
17.2114 69.0803 189.3995 275.6685 
17.6278 65.8445 156.0812 239.4917 
23.3084 66.5878 181.4454 271.1924 
24.0779 81.4078 330.8072 436.2301 
22.6894 115.0536 206.9240 344.5923 
23.1285 62.6581 220.3714 306.0952 
30.4284 75.9912 190.4247 296.8356 
27.4052 75.0853 177.6465 280.0775 
30.0667 63.2748 256.4061 349.6709 
20.2652 62.9013 167.5248 250.6446 
17.8305 52.9906 144.8027 215.5861 
18.3812 56.8383 110.1708 185.3361 
21.2192 66.7831 122.5982 210.5587 
20.4118 70.6394 118.0567 209.0758 
17.4764 57.1588 110.6190 185.1823 
24.8668 778.4900 114.3951 917.7306 
19.8528 57.9091 109.9428 187.6837 
20.3210 72.7992 133.0559 226.1345 
76.3679 72.5245 111.1605 260.0164 
19.6754 71.1099 150.8478 241.5927 
20.6569 59.8035 112.7083 193.1482 
23.6128 72.3359 132.8100 228.7325 
19.1139 55.3649 106.7938 181.2002 
20.5203 59.6026 671.4513 751.5514 
21.5748 83.8151 148.1402 253.4745 
27.6694 58.8023 122.5212 208.9287 
23.4566 59.0629 107.4400 189.8678 
23.4846 68.5344 121.9273 213.8852 
17.0204 49.6487 337.9927 404.5859 
17.5383 57.9514 117.0150 192.4491 
19.7708 62.7515 113.7234 196.1897 
19.6433 56.1719 173.6813 249.3481 
21.5355 81.5287 148.5720 251.6018 
25.0332 68.2995 198.9885 292.0252 
19.2631 109.3338 122.7576 251.3188 
19.2828 58.3868 108.4977 186.1351 
21.6826 64.7761 146.4819 232.8475 
18.3238 61.0622 151.7241 231.0399 
18.9079 61.1058 114.5112 194.5110 
19.6897 94.1427 120.4700 234.2577 
19.9444 84.8634 133.1229 237.8542 
20.0829 76.8657 134.5978 231.5329 
28.1282 79.0381 136.5722 243.5814 
20.1563 63.3803 261.8795 345.3338 
26.6069 78.3308 127.2742 232.1364 
18.7461 63.1796 114.2424 195.8617 
