0 0.00011735477694103543 0.01226917304848388 100 8.47457627118644
0 7.058248929145498e-05 0.01523796378230575 200 9.433962264150942
0 0.00010275243538640638 0.010855088093615859 300 10.416666666666666
0 8.990909386010111e-05 0.008932371314187709 400 10.471204188481675
0 6.984280406019012e-05 0.012805327265878682 500 10.416666666666666
0 6.273192603631963e-05 0.016057744700155824 600 10.416666666666666
0 7.749691821711206e-05 0.01988768782964054 700 10.27900146842878
0 8.860051877657752e-05 0.01992802567585342 800 10.282776349614394
10 0.00014055699064382415 0.01556102785457806 100 9.009009009009008
10 3.916071857305942e-05 0.01746811139041233 200 9.75609756097561
10 8.20143587407557e-05 0.005928655763474701 300 10.714285714285714
10 7.263734025993454e-05 0.0030234021382614723 400 10.666666666666666
10 5.419152564457628e-05 0.0074465714112647565 500 10.570824524312895
10 4.8293699377407366e-05 0.010508379962576938 600 10.544815465729348
10 6.664400114617607e-05 0.014000749014725615 700 10.37037037037037
10 8.370532202031699e-05 0.014133408767031763 800 10.376134889753565
20 0.0001121331714565444 0.013286703640058602 100 9.615384615384615
20 4.7808639142524774e-05 0.015082897738857926 200 10.0
20 9.797735492762455e-05 0.005522817040909411 300 10.94890510948905
20 8.006082058995615e-05 0.005740766522935049 400 10.81081081081081
20 6.055472392078658e-05 0.010113132667477149 500 10.70663811563169
20 5.3895518418274934e-05 0.01316132789478376 600 10.657193605683835
20 7.413020352516468e-05 0.01699641977832667 700 10.447761194029852
20 8.74600625535721e-05 0.01654889975991091 800 10.471204188481675
30 0.00012612319974528657 0.014236640262986428 100 10.1010101010101
30 5.697661047564055e-05 0.014477474816555074 200 10.256410256410257
30 9.750591267900444e-05 0.005493357836945722 300 11.194029850746269
30 8.175821083165091e-05 0.006426132739338398 400 10.92896174863388
30 6.092518100186846e-05 0.010846083810226111 500 10.822510822510822
30 5.524881966826016e-05 0.013776447439765133 600 10.75268817204301
30 7.841992115025245e-05 0.017846715529330103 700 10.510510510510509
30 8.769687804595034e-05 0.016890496767146844 800 10.554089709762533
40 0.0001230916377531837 0.014788443220984115 100 10.638297872340425
40 6.621916777800069e-05 0.013733366954841513 200 10.471204188481675
40 0.0001061192245819721 0.004929488753436601 300 11.406844106463877
40 8.360566275684255e-05 0.007041912747764337 400 11.019283746556473
40 6.253300846974755e-05 0.011593295761067136 500 10.917030567685588
40 5.614114242078242e-05 0.014442506743396984 600 10.830324909747292
40 7.981703885356412e-05 0.018620419148215273 700 10.542168674698795
40 8.779844717813883e-05 0.017257183412276576 800 10.624169986719789
50 0.00013763082166718947 0.016184939992065068 100 10.989010989010989
50 8.447301396465496e-05 0.012654887391302 200 10.638297872340425
50 0.00011911991284659799 0.005274284108452821 300 11.538461538461538
50 8.786723683607204e-05 0.008575404882821573 400 11.080332409972298
50 6.277139025526365e-05 0.013230074733768728 500 10.989010989010989
50 6.080120680948696e-05 0.01607973159981966 600 10.88929219600726
50 8.771805069633621e-05 0.020235887391164758 700 10.558069381598793
50 9.092005661019412e-05 0.01821957883351605 800 10.680907877169558
60 0.00014143780879851247 0.016322056245357378 100 11.363636363636363
60 0.00010485779530765911 0.011580783000456674 200 10.81081081081081
60 0.00012845262272847706 0.0058840019416652655 300 11.627906976744185
60 9.22565874377654e-05 0.009937587980383904 400 11.080332409972298
60 6.878259523287397e-05 0.014596259531633977 500 11.013215859030836
60 6.351559809644279e-05 0.017311374305839365 600 10.909090909090908
60 9.302697404359045e-05 0.021369406910207153 700 10.558069381598793
60 9.138136950109945e-05 0.01876499076286657 800 10.72386058981233
70 0.00010377674558655206 0.018440205118240047 100 11.494252873563218
70 0.00012119502826116441 0.010174192178562478 200 10.92896174863388
70 0.00013338366357595958 0.0064168438171661344 300 11.627906976744185
70 9.593388424906806e-05 0.011485143531550812 400 11.080332409972298
70 7.62629686828838e-05 0.015818726081070548 500 10.964912280701753
70 6.453183156215346e-05 0.01866832654131633 600 10.909090909090908
70 9.6817522843174e-05 0.022251915387814385 700 10.558069381598793
70 8.98073989610514e-05 0.019489307441965587 800 10.767160161507404
80 9.57940764384133e-05 0.018647419244582297 100 11.494252873563218
80 0.0001322257693160963 0.008872078624946907 200 11.049723756906076
80 0.0001322437283815556 0.007816580825793663 300 11.583011583011581
80 9.39948550681054e-05 0.012703295438320494 400 11.049723756906076
80 7.13921999168558e-05 0.016555251985654468 500 10.940919037199125
80 6.655965339909755e-05 0.019534611733021498 600 10.88929219600726
80 9.63318678400136e-05 0.022724876710370216 700 10.558069381598793
80 9.29404517665619e-05 0.019739566664460903 800 10.79622132253711
90 7.430969027008665e-05 0.019616723678354826 100 11.494252873563218
90 0.00013661923220311523 0.008862646240374828 200 11.235955056179774
90 0.00013149588402497863 0.008973770978914495 300 11.538461538461538
90 9.202065742603304e-05 0.013526648257977615 400 11.049723756906076
90 7.419132674873588e-05 0.017310169729951464 500 10.917030567685588
90 6.82544498114467e-05 0.02020800429689747 600 10.849909584086799
90 9.924008728890765e-05 0.022738394067535472 700 10.558069381598793
90 9.275049343166488e-05 0.019862136294711816 800 10.825439783491204
100 6.594118907460238e-05 0.019186061241237354 100 11.235955056179774
100 0.0001524304692639524 0.009539334015514364 200 11.428571428571429
100 0.0001281633149524305 0.010980961719473466 300 11.450381679389311
100 9.180131668955675e-05 0.015557473906636608 400 11.019283746556473
100 7.718959584125025e-05 0.019156161355324264 500 10.917030567685588
100 7.794848742220176e-05 0.021997840043291493 600 10.771992818671453
100 0.00010294193715817955 0.023630980654430846 700 10.558069381598793
100 9.150168972235043e-05 0.020751223277261643 800 10.854816824966079
110 0.00010072155762887047 0.01785726972865302 100 10.869565217391303
110 0.0001669945020929575 0.010695776522245924 200 11.560693641618496
110 0.0001317738451760177 0.012648932018451586 300 11.406844106463877
110 9.72079486963299e-05 0.017285841821603868 400 11.019283746556473
110 7.825797448433407e-05 0.020508570113174533 500 10.917030567685588
110 8.750710836605768e-05 0.023772521714207226 600 10.695187165775401
110 0.00010364491637895502 0.02410237706701251 700 10.574018126888218
110 9.118005492197686e-05 0.021322897543472136 800 10.854816824966079
120 0.0001373392636704529 0.015525615193807853 100 10.416666666666664
120 0.00019068551093386513 0.013757191445131605 200 11.695906432748536
120 0.0001419014865304124 0.016207662823974553 300 11.278195488721805
120 0.00010277712456843965 0.020759910146900085 400 11.019283746556473
120 8.528446976426718e-05 0.02389676283895494 500 10.893246187363832
120 9.924474806356673e-05 0.027562563675540677 600 10.600706713780918
120 0.00011378396588125209 0.026438536414777277 700 10.59001512859304
120 9.449016069612246e-05 0.023622565944928346 800 10.825439783491204
130 0.00020369812305449808 0.013760119484748923 100 10.204081632653061
130 0.00021915576369447174 0.017480944527178646 200 11.764705882352942
130 0.00015120531616455709 0.019659742260081513 300 11.152416356877323
130 0.00010932972492017643 0.024426009042724284 400 10.95890410958904
130 8.976722227908847e-05 0.02713421273049046 500 10.845986984815617
130 0.00011430606032349068 0.031272345324923574 600 10.526315789473685
130 0.00011822689023107644 0.028531131813092143 700 10.59001512859304
130 9.80630152957838e-05 0.026005963775312675 800 10.79622132253711
140 0.00029658748367715525 0.014349472701839228 100 10.1010101010101
140 0.00024240703537173683 0.0211109468709855 200 11.695906432748536
140 0.00016424264366621212 0.023072861075463906 300 11.02941176470588
140 0.00011632331295694212 0.027879014511491176 400 10.92896174863388
140 9.869947553979218e-05 0.03043055215899242 500 10.822510822510822
140 0.00012597489585565818 0.03461110636923557 600 10.452961672473867
140 0.00012245366149637072 0.03023564174574749 700 10.606060606060606
140 0.0001017605282589309 0.028302076935191035 800 10.767160161507404
150 0.00033363373163219234 0.017309863778753418 100 10.204081632653061
150 0.00025234057177165865 0.022883536913930063 200 11.627906976744187
150 0.00016688695971133497 0.02544745709032785 300 10.909090909090908
150 0.0001228732221462201 0.030008436120202632 400 10.840108401084011
150 9.948349146391756e-05 0.03211700254067996 500 10.775862068965516
150 0.00013076071760330417 0.03591877971940884 600 10.398613518197573
150 0.00012505426626798402 0.030841898245171757 700 10.638297872340425
150 9.92464034620312e-05 0.030059307502857804 800 10.75268817204301
160 0.00033901863136322956 0.01991734247591316 100 10.309278350515463
160 0.0002516087540914939 0.023974803397838054 200 11.560693641618496
160 0.00015669050669522936 0.02680878985382964 300 10.869565217391305
160 0.0001170848988500689 0.030273565910714857 400 10.78167115902965
160 9.708744734381313e-05 0.03228439307912761 500 10.75268817204301
160 0.00012986826827078186 0.03547865691772328 600 10.380622837370241
160 0.00011843256675237568 0.03043297823199542 700 10.670731707317072
160 9.768522087572572e-05 0.030729394815976575 800 10.75268817204301
170 0.0003266559353127836 0.022814328145520042 100 10.638297872340425
170 0.0002296365870598954 0.02542212282960469 200 11.494252873563218
170 0.00014618711731166753 0.027903595702654944 300 10.830324909747292
170 0.00010929427335097303 0.03037906061500312 400 10.75268817204301
170 9.457204556298904e-05 0.03203260784035289 500 10.729613733905579
170 0.00012540341929421827 0.03469810971907454 600 10.380622837370241
170 0.00011745626585290226 0.02991640628675332 700 10.703363914373087
170 9.458664491436088e-05 0.031170316274133233 800 10.767160161507404
180 0.0003275997236063894 0.026298603856272217 100 10.989010989010989
180 0.00022209861894146687 0.026830068700348576 200 11.428571428571429
180 0.00013830418294230755 0.028963913116725505 300 10.869565217391305
180 0.00010816493490481015 0.03103676013051924 400 10.75268817204301
180 9.241958638048582e-05 0.03209668868174935 500 10.683760683760683
180 0.0001275439621604123 0.03396141261338284 600 10.398613518197573
180 0.00011524224450244201 0.02965881107097916 700 10.736196319018404
180 9.435998810745534e-05 0.03177679949901766 800 10.767160161507404
190 0.0003158255518782876 0.02696609549140929 100 11.494252873563218
190 0.00020520856833067936 0.026737460065438375 200 11.494252873563218
190 0.00012661367896827077 0.028781974434943916 300 10.909090909090908
190 9.731843109487039e-05 0.030012217407594473 400 10.81081081081081
190 9.70816947546443e-05 0.030946423416151725 500 10.638297872340425
190 0.00012468953131494854 0.0319803865287733 600 10.434782608695652
190 0.00010831010213577099 0.02827409271760783 700 10.785824345146379
190 8.650843104856133e-05 0.031231679941436122 800 10.75268817204301
200 0.00029233836070233254 0.026574420956162862 100 12.19512195121951
200 0.00019124865779606567 0.02620518945564965 200 11.560693641618496
200 0.00011715033903109354 0.028089698209618028 300 11.02941176470588
200 8.844467980496413e-05 0.028760949045048053 400 10.869565217391303
200 9.529102347593762e-05 0.029776948768372308 500 10.638297872340425
200 0.00011816874969434087 0.030024673694564238 600 10.507880910683012
200 0.0001033132484291377 0.026830236323468492 700 10.819165378670787
200 9.259301861712878e-05 0.03035448605933211 800 10.72386058981233
210 0.00029849262313341523 0.027357951680297685 100 12.82051282051282
210 0.0001774412649874732 0.026404680848914976 200 11.695906432748536
210 0.00010875316349552443 0.027936615270218793 300 11.11111111111111
210 8.38150906256257e-05 0.028017225807026112 400 10.92896174863388
210 9.93415276017223e-05 0.029300795309518297 500 10.615711252653927
210 0.00011666442983179259 0.02868401043491829 600 10.56338028169014
210 0.0001020736765873547 0.025898186548696706 700 10.852713178294573
210 9.646101517297615e-05 0.029400615883914558 800 10.7095046854083
220 0.00029325743744833315 0.02980617176322241 100 13.333333333333334
220 0.0001702626714927658 0.027958847901279883 200 11.695906432748536
220 0.00010014392758457993 0.02892565290368253 300 11.194029850746269
220 8.130467345461604e-05 0.028083202358364097 400 10.989010989010989
220 0.00010287254246733643 0.029844709215946664 500 10.59322033898305
220 0.00012146748872532371 0.028481281634688452 600 10.619469026548673
220 9.625657495853233e-05 0.026328935865516583 700 10.852713178294573
220 0.00010277433838646603 0.02969295629803028 800 10.666666666666666
230 0.00028686029021395015 0.026772075961139438 100 13.6986301369863
230 0.00015011677271492777 0.025531047748100857 200 11.560693641618496
230 8.489862487278629e-05 0.0262275458740243 300 11.194029850746269
230 6.512865277008155e-05 0.024780140939930657 400 10.989010989010989
230 9.8720203572714e-05 0.026905944022439832 500 10.548523206751053
230 0.00011135080326571653 0.024905991878076808 600 10.657193605683835
230 8.86094534021414e-05 0.023782241749964246 700 10.852713178294573
230 9.924075791115986e-05 0.02616076261009821 800 10.58201058201058
240 0.00027737986576028704 0.02476241298118401 100 13.513513513513512
240 0.00013250385641092554 0.02418292096394252 200 11.428571428571429
240 6.534617850068604e-05 0.024245067782857645 300 11.152416356877323
240 5.5449093159930085e-05 0.022067202393311936 400 10.95890410958904
240 0.00010074998998810508 0.024207784328022258 500 10.460251046025103
240 0.00010694631327686451 0.021738832276126736 600 10.676156583629894
240 8.159168785632306e-05 0.021805138151493993 700 10.835913312693497
240 9.495378953675695e-05 0.022619113853533927 800 10.498687664041995
250 0.00025722190231020065 0.022924453708653734 100 13.157894736842104
250 0.0001115786571324099 0.023022959435190962 200 11.173184357541897
250 6.485847541430479e-05 0.021847820839307596 300 10.989010989010989
250 4.5902535092673345e-05 0.019894544011001474 400 10.869565217391303
250 0.00010209049108762535 0.02175498660288548 500 10.395010395010395
250 9.78235666086715e-05 0.019164261356260117 600 10.695187165775401
250 7.296629524618376e-05 0.02009341905103925 700 10.819165378670787
250 9.300002788064283e-05 0.019203209857026955 800 10.430247718383312
260 0.00022871878881427482 0.022396437639083076 100 12.5
260 8.0941348915764e-05 0.02122446674181332 200 10.92896174863388
260 5.305954790391831e-05 0.018843726524946352 300 10.79136690647482
260 4.1389268232186794e-05 0.01748543849690643 400 10.75268817204301
260 9.762556803426783e-05 0.019560519743521684 500 10.309278350515465
260 9.435285932161737e-05 0.017298632110646268 600 10.676156583629894
260 6.895345610261315e-05 0.019222696999668266 700 10.76923076923077
260 8.704275081655319e-05 0.01678581492107906 800 10.376134889753565
270 0.00017272573769205348 0.020196871435365842 100 11.627906976744187
270 5.3856764082147705e-05 0.017908022332183707 200 10.695187165775401
270 4.699953120364821e-05 0.015859950185405248 300 10.600706713780918
270 4.161462122133061e-05 0.015199326802805517 400 10.526315789473685
270 9.736009258581303e-05 0.016730768389327137 500 10.245901639344261
270 8.771962924355021e-05 0.014977232182101214 600 10.657193605683835
270 6.360913485097257e-05 0.01782462286693681 700 10.703363914373087
270 8.082619414533844e-05 0.014079047308477168 800 10.309278350515463
280 0.000126437403164948 0.018169097305917748 100 10.869565217391303
280 2.783279013433798e-05 0.015294080804922082 200 10.471204188481675
280 3.170483644106402e-05 0.013103308853293584 300 10.452961672473867
280 5.1640565763058595e-05 0.014057348588262636 400 10.282776349614394
280 8.699611394544606e-05 0.013785789587043771 500 10.183299389002036
280 7.603694243544524e-05 0.012451061043110133 600 10.600706713780918
280 6.745580274007348e-05 0.01618614264190468 700 10.542168674698795
280 7.88429355264183e-05 0.01149276650964982 800 10.243277848911651
290 7.360699934941308e-05 0.015960540552581084 100 10.416666666666664
290 2.898530427968534e-05 0.013197333616842015 200 10.309278350515463
290 3.878764002792366e-05 0.012053512931722686 300 10.344827586206897
290 6.126775608744132e-05 0.014544692449249965 400 10.1010101010101
290 9.052679017855649e-05 0.012747793691785868 500 10.16260162601626
290 7.13555708308968e-05 0.011651333870473346 600 10.526315789473685
290 7.606413742388138e-05 0.015484697790554957 700 10.385756676557863
290 7.721753907186171e-05 0.010622679731163156 800 10.19108280254777
300 3.427636323974239e-05 0.012672973178844733 100 9.9009900990099
300 3.609603538514127e-05 0.01219084103507017 200 10.204081632653061
300 4.971336510477347e-05 0.012031477476086952 300 10.273972602739725
300 7.254990615641738e-05 0.014964556012030207 400 9.950248756218905
300 8.415208421003469e-05 0.011445409596271843 500 10.16260162601626
300 6.175250424462513e-05 0.010681811063359267 600 10.471204188481675
300 7.916480748590151e-05 0.013742436289859621 700 10.248901903367496
300 7.319256506258514e-05 0.009704131855419448 800 10.139416983523446
310 2.2496499776292894e-05 0.013080333525718493 100 9.70873786407767
310 5.2701964908207394e-05 0.013102961262794099 200 10.15228426395939
310 5.190058132869694e-05 0.012739400367138786 300 10.238907849829351
310 7.46045760920857e-05 0.014187801714457991 400 9.876543209876543
310 7.80840838783726e-05 0.009576421443475033 500 10.204081632653061
310 5.9786949258151535e-05 0.009070567477080455 600 10.452961672473867
310 7.632742807601533e-05 0.010765026836968832 700 10.15965166908563
320 5.2144223312870556e-05 0.014170728505163306 100 9.615384615384615
320 4.7225523774295734e-05 0.013763910936576583 200 10.1010101010101
320 5.100075835063895e-05 0.013164262429635322 300 10.238907849829351
320 7.32183582269696e-05 0.01306189322152792 400 9.828009828009828
320 7.700019330625585e-05 0.00797569998159965 500 10.245901639344261
320 5.2737292934460455e-05 0.007867663027883779 600 10.452961672473867
320 7.584477855257954e-05 0.008295154980655738 700 10.115606936416185
330 6.828156189245389e-05 0.014759608448775094 100 9.523809523809524
330 6.715381690920334e-05 0.01405067699172074 200 10.050251256281406
330 5.605208395141153e-05 0.013647406512241418 300 10.238907849829351
330 7.005279928234471e-05 0.012250939651968305 400 9.852216748768473
330 6.885729361845219e-05 0.0073333666372790715 500 10.309278350515465
330 5.141585294580638e-05 0.0076182223796380285 600 10.489510489510488
330 7.312073890173391e-05 0.0072608715928715395 700 10.115606936416185
340 7.480728212717162e-05 0.013784963060387128 100 9.615384615384615
340 5.274480190633433e-05 0.013958336389925425 200 10.0
340 5.52275609894572e-05 0.013602015823712555 300 10.238907849829351
340 7.576403488537417e-05 0.011814461008839039 400 9.852216748768473
340 7.212377071891336e-05 0.007424394702427762 500 10.373443983402488
340 5.194296996071687e-05 0.00854314776561953 600 10.507880910683012
340 7.294392743545228e-05 0.007448507366940308 700 10.115606936416185
350 8.584868329743169e-05 0.013378261088244317 100 9.70873786407767
350 5.483851868230637e-05 0.013775166230475684 200 10.050251256281406
350 5.511000127586469e-05 0.013592676145459632 300 10.204081632653061
350 7.984197686284274e-05 0.011145699812270593 400 9.9009900990099
350 7.359919558620658e-05 0.007345567857991864 500 10.4384133611691
350 5.413457094363739e-05 0.00927219229720396 600 10.526315789473685
350 7.656789458231683e-05 0.007418464493529718 700 10.130246020260492
360 8.239882145158842e-05 0.013047528823476325 100 9.80392156862745
360 5.511296656962265e-05 0.013303308686888823 200 10.1010101010101
360 6.218381815572203e-05 0.013596596972774815 300 10.135135135135135
360 8.390508428587693e-05 0.010763983168586367 400 9.950248756218905
360 7.282598607647383e-05 0.007739030761738684 500 10.482180293501047
360 5.2916545753883816e-05 0.010555294598153776 600 10.507880910683012
360 7.44353636212199e-05 0.007933788101790814 700 10.130246020260492
370 7.947352290815839e-05 0.01357016274651231 100 9.9009900990099
370 5.6577818454313285e-05 0.013087365264471634 200 10.15228426395939
370 6.978757083774138e-05 0.014056916687274757 300 10.03344481605351
370 8.650634796684346e-05 0.010167859895125525 400 10.0
370 7.16474524458405e-05 0.007783381155374783 500 10.526315789473685
370 6.166224228569588e-05 0.01136065761782552 600 10.452961672473867
370 7.476576370836501e-05 0.008130372692783652 700 10.130246020260492
380 9.421934787628882e-05 0.013291562926966776 100 10.0
380 5.636058084837405e-05 0.01284617079672331 200 10.204081632653061
380 8.007750551143458e-05 0.014297701233047548 300 9.966777408637872
380 8.933797884185379e-05 0.009672435390732372 400 10.050251256281406
380 7.409960217808311e-05 0.007949126576310873 500 10.526315789473685
380 7.013514259378073e-05 0.011759186006746662 600 10.380622837370241
380 7.589244437913149e-05 0.008452757433332864 700 10.144927536231885
390 8.934658196758637e-05 0.013333191032997205 100 10.204081632653061
390 5.3847670439528555e-05 0.012993850832073389 200 10.309278350515463
390 7.751284783359435e-05 0.015008574798085173 300 9.933774834437084
390 9.69879726933788e-05 0.009709310901382518 400 10.1010101010101
390 6.906979329651867e-05 0.00859216977405002 500 10.526315789473685
390 8.366612907331579e-05 0.012575785589060523 600 10.344827586206897
390 7.844736916248104e-05 0.009082061238871257 700 10.144927536231885
400 7.172152447071542e-05 0.01364877211219207 100 10.309278350515463
400 6.42526393540432e-05 0.013353498637860029 200 10.362694300518134
400 8.272079998125247e-05 0.015000227782037252 300 9.900990099009901
400 9.831165596334759e-05 0.009497152315721789 400 10.204081632653061
400 6.878700576881021e-05 0.009163144627260176 500 10.548523206751053
400 8.821766305377433e-05 0.012686643497383293 600 10.273972602739725
400 7.878851490350227e-05 0.009612662289323157 700 10.144927536231885
410 9.442293296838202e-05 0.013463764512384215 100 10.416666666666664
410 5.671199400353933e-05 0.012997212391697037 200 10.471204188481675
410 9.075680381761122e-05 0.0142285594016416 300 9.900990099009901
410 9.764717091886409e-05 0.008902288139522646 400 10.282776349614394
410 7.005542509980572e-05 0.009409326182177314 500 10.570824524312895
410 9.030211191843935e-05 0.012071644257984447 600 10.221465076660987
420 5.991377485860933e-05 0.01425517362011182 100 10.526315789473685
420 6.706641823828627e-05 0.013867608209435021 200 10.471204188481675
420 9.866804604342242e-05 0.0142916340972326 300 9.868421052631579
420 9.566542829440844e-05 0.009068174595670117 400 10.362694300518134
420 6.897035535775577e-05 0.01006548841848328 500 10.615711252653927
420 9.57834548560235e-05 0.011674423328615237 600 10.186757215619693
430 8.010810542429928e-05 0.013510683972923541 100 10.416666666666664
430 5.872061672482603e-05 0.014273649015611092 200 10.526315789473685
430 0.00010155568924631569 0.013749983512028056 300 9.868421052631579
430 9.317616543081261e-05 0.008899906211788633 400 10.443864229765012
430 6.748145440623252e-05 0.01075234011985731 500 10.638297872340425
430 9.782690432910858e-05 0.011421255645510022 600 10.186757215619693
440 0.00011181423722766537 0.013809832839772402 100 10.309278350515463
440 6.304498465062894e-05 0.01460737117039203 200 10.526315789473685
440 0.00010629856590432319 0.013139221030968413 300 9.900990099009901
440 9.947214846951516e-05 0.009074445534775055 400 10.526315789473685
440 6.793519356122851e-05 0.011507626126122434 500 10.683760683760683
440 9.862569498052584e-05 0.011225366196192993 600 10.186757215619693
450 7.123633378906009e-05 0.01395724477715743 100 10.309278350515463
450 5.765981850873582e-05 0.014338527240217913 200 10.416666666666664
450 0.00011857647886509097 0.012203324522581317 300 9.933774834437084
450 0.00010467340698272369 0.009483544120270216 400 10.58201058201058
450 7.20868046228307e-05 0.012834537652334199 500 10.683760683760683
450 9.827797656794471e-05 0.011321680028242912 600 10.186757215619693
460 5.639139162459403e-05 0.013306991585763775 100 10.309278350515463
460 6.53142282278296e-05 0.013894767910848154 200 10.256410256410257
460 0.00012526058295806938 0.010845637929315187 300 9.933774834437084
460 0.00010394887257179977 0.00955207076453387 400 10.638297872340425
460 7.100243881018384e-05 0.013642112900736613 500 10.638297872340425
460 9.673984992344373e-05 0.011097071715822759 600 10.169491525423728
470 6.448731797963602e-05 0.012796815367974754 100 10.309278350515463
470 8.448770410761623e-05 0.014743632384120733 200 10.050251256281406
470 0.0001261587351094516 0.010494111719408662 300 9.966777408637872
470 9.993175524764271e-05 0.01031722367700031 400 10.638297872340425
470 8.21993766445842e-05 0.015083884609951628 500 10.526315789473685
470 9.64193527036022e-05 0.011626984482614273 600 10.152284263959391
480 6.768385984128478e-05 0.012843572563844411 100 10.309278350515463
480 9.401364790036051e-05 0.015190134980485161 200 9.852216748768473
480 0.00014386841814819837 0.010036118297470052 300 10.0
480 0.00010190065141468753 0.010937390924094254 400 10.610079575596815
480 9.83375560211657e-05 0.016005631524801004 500 10.416666666666666
480 0.00010009673496713634 0.012120164943436132 600 10.135135135135135
490 7.094179622581037e-05 0.0129168313343685 100 10.204081632653061
490 0.00012304751976166339 0.015386068533647417 200 9.70873786407767
490 0.00014336518881178503 0.010249264844739285 300 10.06711409395973
490 9.666428155281482e-05 0.011795214134482581 400 10.58201058201058
490 0.00011547429952126403 0.016563800171817415 500 10.309278350515465
490 9.891247595210832e-05 0.0126859298198097 600 10.1010101010101
500 6.614124893364291e-05 0.013064663539877 100 10.309278350515463
500 0.00014395126283926586 0.014733916756693133 200 9.615384615384615
500 0.00014590632638024497 0.010287558605957935 300 10.135135135135135
500 9.659250391515557e-05 0.012806437400962562 400 10.58201058201058
500 0.00011673090367418525 0.016737080490004132 500 10.183299389002036
500 9.946336427375925e-05 0.01360405995136265 600 10.050251256281406
510 0.00010608677459767275 0.014378200354071986 100 10.309278350515463
510 0.00016076138643420477 0.01572693569990325 200 9.523809523809524
510 0.00014533517342138204 0.011160090886441881 300 10.204081632653061
510 9.595331400390214e-05 0.014093109795452315 400 10.58201058201058
510 0.000122431490196888 0.016743984121920727 500 10.1010101010101
520 4.919242169094325e-05 0.013175513199430803 100 10.416666666666664
520 0.00015815298817272081 0.011161193637142883 200 9.523809523809524
520 0.00012799515690826418 0.008716620501539539 300 10.344827586206897
520 8.156904049411099e-05 0.012282626116776125 400 10.638297872340425
520 0.00011723299433860613 0.0138096318831917 500 10.1010101010101
530 3.939905070064672e-05 0.012523631038939567 100 10.526315789473685
530 0.00016488461417167908 0.010869065838125119 200 9.56937799043062
530 0.00013771916936317625 0.009974505429554394 300 10.452961672473867
530 8.291993096381833e-05 0.013408416949011365 400 10.695187165775401
530 0.0001185239276164798 0.013556095356336553 500 10.12145748987854
540 7.434477768934079e-05 0.010914723297882692 100 10.526315789473685
540 0.00016739717580519027 0.011067396461275523 200 9.661835748792269
540 0.0001387043759462413 0.010910199121959485 300 10.56338028169014
540 8.315876659617232e-05 0.014002126483841762 400 10.75268817204301
540 0.00010770826620752123 0.0131214464278934 500 10.12145748987854
550 7.332575784981123e-05 0.011408008601874131 100 10.309278350515463
550 0.00017928276760667848 0.010269795897474206 200 9.70873786407767
550 0.00013659196355392703 0.011369263442330664 300 10.676156583629894
550 8.252078524044351e-05 0.014720653775185846 400 10.75268817204301
550 0.000108326598945791 0.012779056179469278 500 10.12145748987854
560 0.00011327217651293182 0.012956429025678564 100 9.80392156862745
560 0.000193730929826967 0.011503450732684783 200 9.70873786407767
560 0.00012985359975115982 0.013258480643531464 300 10.714285714285714
560 8.56762471214792e-05 0.017131834685901272 400 10.638297872340425
560 0.0001103437727869368 0.013691202015113197 500 10.1010101010101
570 0.00015227046408765188 0.013561152575198878 100 9.523809523809524
570 0.00019579298489206916 0.012393853436999473 200 9.75609756097561
570 0.00013006415115810407 0.014451031369471712 300 10.676156583629894
570 0.0001096769756664627 0.018545692436007014 400 10.498687664041995
570 0.00011050779714870553 0.014073451037421622 500 10.080645161290322
580 0.0002132857232014618 0.015085434700761575 100 9.25925925925926
580 0.00021665436180074758 0.013897955923526837 200 9.852216748768473
580 0.00013154094647915 0.01538338600654896 300 10.676156583629894
580 0.0001300576736568886 0.019706003550169403 400 10.362694300518134
580 0.00011287709095504398 0.014324912834751907 500 10.060362173038229
590 0.0002603519164303092 0.01661535477619705 100 9.009009009009008
590 0.00022048748687859398 0.015644089362069038 200 9.950248756218905
590 0.00012612681198890207 0.017568776074283483 300 10.638297872340425
590 0.00014630214972472417 0.021331935687568235 400 10.204081632653061
590 0.00011769398180501203 0.015811139527371745 500 10.020040080160319
600 0.00026070146830413913 0.016447976368136445 100 8.849557522123893
600 0.00020661498517063242 0.015570097619054493 200 10.050251256281406
600 0.00011583069017860236 0.017730547814262535 300 10.600706713780918
600 0.0001411928114148771 0.020014629105072564 400 10.075566750629722
610 0.0003116733394787475 0.017755749990672517 100 8.695652173913043
610 0.00021826704706719887 0.01700426834680789 200 10.15228426395939
610 0.00011215214151604982 0.019086222670430503 300 10.638297872340425
610 0.00015012484288294642 0.019689344707008446 400 10.0
620 0.0003216801189399834 0.0190701065569907 100 8.695652173913043
620 0.00020565763259943072 0.018751761859112183 200 10.309278350515463
620 0.00011007719348298664 0.02081134453587033 300 10.676156583629894
620 0.00014968824980687013 0.019828120997845828 400 10.0
630 0.0003462125641841141 0.02161894583154286 100 8.771929824561402
630 0.00021587046166848413 0.020500505040379417 200 10.471204188481675
630 0.00010936739298020277 0.022031980800942656 300 10.75268817204301
630 0.00014761077291636736 0.019515447675861396 400 10.0
640 0.000361430910221557 0.0237712799653245 100 8.928571428571427
640 0.00021437318512742109 0.022248051926213118 200 10.638297872340425
640 0.00011493544461387737 0.023631687157766312 300 10.830324909747292
640 0.00014574210431947724 0.019586710918151454 400 10.025062656641603
650 0.00037776074989911263 0.024545029162720854 100 9.174311926605505
650 0.00020757983335360165 0.022906551682248533 200 10.869565217391303
650 0.0001048172934705275 0.024120767452176204 300 10.869565217391305
650 0.00013907999643248862 0.01900514109739922 400 10.075566750629722
660 0.00035226539017430805 0.023333872236342958 100 9.433962264150942
660 0.0001786246039793171 0.02205032505255985 200 11.11111111111111
660 0.00010409032785112514 0.023427038665508614 300 10.869565217391305
660 0.00013401943141897745 0.017427207904055168 400 10.126582278481013
670 0.0003061392568943467 0.023223011854820695 100 9.80392156862745
670 0.00016642755475492453 0.022287692265727486 200 11.299435028248588
670 0.00012993288958052603 0.02357708289287915 300 10.830324909747292
670 0.00013089575549836568 0.017429691401452882 400 10.178117048346055
680 0.0003208327606711622 0.023811980069105832 100 10.1010101010101
680 0.00015565282653130316 0.023048210751959054 200 11.363636363636363
680 0.00013572694166481358 0.023544812924411494 300 10.79136690647482
680 0.00013055810736420893 0.01776520172766011 400 10.230179028132993
690 0.00028535973135932505 0.02245661104556951 100 10.526315789473685
690 0.00012185175835493649 0.02120230197490365 200 11.494252873563218
690 0.0001472403862709959 0.02149468448521587 300 10.714285714285714
690 0.00012176256129169542 0.016626969000868495 400 10.256410256410257
700 0.0002482385677838051 0.02196431715766052 100 10.869565217391303
700 9.549803737191269e-05 0.020971764019937975 200 11.560693641618496
700 0.00015125758966787997 0.020448388688525096 300 10.600706713780918
700 0.00012086606706040762 0.01705608713126207 400 10.282776349614394
710 0.00021028994172375852 0.019805657150558507 100 11.363636363636363
710 7.720015755452598e-05 0.018356320920383532 200 11.695906432748536
710 0.00014845343635304194 0.01773919049071675 300 10.526315789473685
710 0.00011379152352476421 0.016107305344468414 400 10.230179028132993
720 0.00017577668882439427 0.018099876655327262 100 11.764705882352942
720 5.6194780355031025e-05 0.01575489966650775 200 11.834319526627217
720 0.00014788165806049462 0.015026602595242846 300 10.489510489510488
730 0.00013201365364694343 0.016199603132333356 100 12.19512195121951
730 5.1390401908251824e-05 0.013279735161309907 200 11.904761904761905
730 0.00014655109187602892 0.012384904047867207 300 10.452961672473867
740 9.056802348141144e-05 0.013416122232104286 100 12.658227848101266
740 3.963235059834114e-05 0.010860953371175729 200 11.976047904191617
740 0.00012875334874898147 0.009649052649131774 300 10.416666666666666
750 8.965116995858853e-05 0.011881107510829311 100 12.987012987012987
750 3.063347428543272e-05 0.010649671858433206 200 11.976047904191617
750 0.00011375086342893833 0.008183788958103323 300 10.416666666666666
760 5.5213708761571244e-05 0.01189047896527743 100 13.157894736842104
760 1.4492201084863127e-05 0.011649971812592051 200 11.834319526627217
760 0.00010630980480880926 0.007580225654910574 300 10.344827586206897
770 4.4924437789523985e-05 0.011212395712263378 100 12.987012987012987
770 3.63656071582463e-05 0.012191072962798461 200 11.363636363636363
770 9.93065038436317e-05 0.007349315048063789 300 10.273972602739725
780 5.011278210023356e-05 0.00983909791358225 100 12.658227848101266
780 7.056953344470632e-05 0.012131989760835703 200 10.92896174863388
780 9.782167809641823e-05 0.007155866201833214 300 10.169491525423728
790 6.963525845212954e-05 0.009086878818719486 100 12.048192771084336
790 0.00011721301267005269 0.011057815790824177 200 10.416666666666664
790 9.676181718061432e-05 0.007830046437783475 300 10.03344481605351
800 0.00011849343879850535 0.009547538346150236 100 11.764705882352942
800 0.00015367521848337428 0.009246465620521012 200 9.950248756218905
810 0.00011927443121514036 0.011323562147917868 100 11.363636363636363
810 0.000158867811699757 0.008292067022403217 200 9.661835748792269
820 0.00013636641320260095 0.013799910239696588 100 11.11111111111111
820 0.00014603059099994767 0.007566621672385406 200 9.47867298578199
830 0.00011649288786940968 0.016482873923652563 100 10.75268817204301
830 0.00014554184444367434 0.006349637792947481 200 9.345794392523363
840 7.39651319656829e-05 0.017790301752592927 100 10.204081632653061
840 0.00012508415139841165 0.006664279685401719 200 9.25925925925926
850 9.600944657419973e-05 0.016022901101465283 100 9.70873786407767
850 0.0001289440626974231 0.00793186857776417 200 9.216589861751151
860 0.00015723957020379018 0.015337896416455797 100 9.433962264150942
860 0.00014228367682334145 0.009292163341382938 200 9.216589861751151
870 0.0002770818900568606 0.012267674699422646 100 9.009009009009008
870 0.00015841066553563376 0.01194530867878363 200 9.174311926605505
880 0.00030393227977025793 0.009681718382141576 100 8.620689655172413
890 0.00037268162499770293 0.010182413517291574 100 8.403361344537815
900 0.0003749444483912233 0.014066034988528842 100 8.264462809917354
910 0.0003256719984408177 0.018424505768900545 100 8.130081300813007
920 0.000358982918068576 0.02158356876801534 100 8.130081300813007
930 0.0003424763244136867 0.02940619710021892 100 8.264462809917354
940 0.0003048428426930788 0.03135330946605986 100 8.403361344537815
950 0.00027834239036436475 0.031380069398008144 100 8.620689655172413
960 0.0002141575533947369 0.027527089960579714 100 8.849557522123893
970 0.00015556842788165925 0.023216040346718484 100 9.009009009009008
980 0.00010288028510692207 0.019104744754147633 100 9.25925925925926
990 6.264299460293857e-05 0.017221483281580827 100 9.345794392523363
